1723211637932 0.6018350720405579 0
1723211638322 0.6018350720405579 0
1723211638622 0.6018350720405579 0
1723211638876 0.6018350720405579 0
1723211639150 0.6018350720405579 0
1723211639405 0.6018350720405579 0
1723211639643 0.6018350720405579 0
1723211639923 0.6018350720405579 0
1723211640229 0.6018350720405579 0
1723211640562 0.6018350720405579 0
1723211640809 0.6018350720405579 0
1723211641048 0.6018350720405579 0
1723211641306 0.6018350720405579 0
1723211641535 0.6018350720405579 0
1723211641754 0.6018350720405579 0
1723211641982 0.6018350720405579 0
1723211642202 0.6018350720405579 0
1723211642422 0.6018350720405579 0
1723211642667 0.6018350720405579 0
1723211642872 0.6018350720405579 0
1723211643151 0.6018350720405579 0
1723211643444 0.6018350720405579 0
1723211643667 0.6018350720405579 0
1723211643873 0.6018350720405579 0
1723211644081 0.6018350720405579 0
1723211664167 -0.36617687344551086 1
1723211664524 -0.36617687344551086 1
1723211664794 -0.36617687344551086 1
1723211665087 -0.36617687344551086 1
1723211665371 -0.36617687344551086 1
1723211665616 -0.36617687344551086 1
1723211665876 -0.36617687344551086 1
1723211666137 -0.36617687344551086 1
1723211666364 -0.36617687344551086 1
1723211666587 -0.36617687344551086 1
1723211666832 -0.36617687344551086 1
1723211667060 -0.36617687344551086 1
1723211667323 -0.36617687344551086 1
1723211667633 -0.36617687344551086 1
1723211667918 -0.36617687344551086 1
1723211668119 -0.36617687344551086 1
1723211668319 -0.36617687344551086 1
1723211668519 -0.36617687344551086 1
1723211668730 -0.36617687344551086 1
1723211668927 -0.36617687344551086 1
1723211669090 -0.36617687344551086 1
1723211669281 -0.36617687344551086 1
1723211669455 -0.36617687344551086 1
1723211669647 -0.36617687344551086 1
1723211669812 -0.36617687344551086 1
1723211689795 -8.622916221618652 2
1723211690154 -8.622916221618652 2
1723211690430 -8.622916221618652 2
1723211690777 -8.622916221618652 2
1723211691098 -8.622916221618652 2
1723211691359 -8.622916221618652 2
1723211691610 -8.622916221618652 2
1723211691880 -8.622916221618652 2
1723211692118 -8.622916221618652 2
1723211692381 -8.622916221618652 2
1723211692608 -8.622916221618652 2
1723211692941 -8.622916221618652 2
1723211693226 -8.622916221618652 2
1723211693494 -8.622916221618652 2
1723211693749 -8.622916221618652 2
1723211693992 -8.622916221618652 2
1723211694205 -8.622916221618652 2
1723211694437 -8.622916221618652 2
1723211694642 -8.622916221618652 2
1723211694833 -8.622916221618652 2
1723211695058 -8.622916221618652 2
1723211695258 -8.622916221618652 2
1723211695483 -8.622916221618652 2
1723211695660 -8.622916221618652 2
1723211695850 -8.622916221618652 2
1723211711749 3.2439229488372803 3
1723211712127 3.2439229488372803 3
1723211712391 3.2439229488372803 3
1723211712700 3.2439229488372803 3
1723211712975 3.2439229488372803 3
1723211713241 3.2439229488372803 3
1723211713539 3.2439229488372803 3
1723211713841 3.2439229488372803 3
1723211714079 3.2439229488372803 3
1723211714302 3.2439229488372803 3
1723211714568 3.2439229488372803 3
1723211714800 3.2439229488372803 3
1723211715076 3.2439229488372803 3
1723211715347 3.2439229488372803 3
1723211715621 3.2439229488372803 3
1723211715832 3.2439229488372803 3
1723211716046 3.2439229488372803 3
1723211716243 3.2439229488372803 3
1723211716481 3.2439229488372803 3
1723211716722 3.2439229488372803 3
1723211716925 3.2439229488372803 3
1723211717115 3.2439229488372803 3
1723211717330 3.2439229488372803 3
1723211717522 3.2439229488372803 3
1723211717695 3.2439229488372803 3
1723211732519 0.8032710552215576 4
1723211732872 0.8032710552215576 4
1723211733151 0.8032710552215576 4
1723211733407 0.8032710552215576 4
1723211733689 0.8032710552215576 4
1723211733928 0.8032710552215576 4
1723211734193 0.8032710552215576 4
1723211734493 0.8032710552215576 4
1723211734763 0.8032710552215576 4
1723211735032 0.8032710552215576 4
1723211735255 0.8032710552215576 4
1723211735508 0.8032710552215576 4
1723211735776 0.8032710552215576 4
1723211735966 0.8032710552215576 4
1723211736197 0.8032710552215576 4
1723211736384 0.8032710552215576 4
1723211736595 0.8032710552215576 4
1723211736774 0.8032710552215576 4
1723211736958 0.8032710552215576 4
1723211737126 0.8032710552215576 4
1723211737314 0.8032710552215576 4
1723211737535 0.8032710552215576 4
1723211737722 0.8032710552215576 4
1723211737882 0.8032710552215576 4
1723211738066 0.8032710552215576 4
1723211751265 0.09474989026784897 5
1723211751620 0.09474989026784897 5
1723211751916 0.09474989026784897 5
1723211752208 0.09474989026784897 5
1723211752458 0.09474989026784897 5
1723211752727 0.09474989026784897 5
1723211753010 0.09474989026784897 5
1723211753242 0.09474989026784897 5
1723211753512 0.09474989026784897 5
1723211753751 0.09474989026784897 5
1723211754015 0.09474989026784897 5
1723211754280 0.09474989026784897 5
1723211754524 0.09474989026784897 5
1723211754752 0.09474989026784897 5
1723211754981 0.09474989026784897 5
1723211755205 0.09474989026784897 5
1723211755402 0.09474989026784897 5
1723211755598 0.09474989026784897 5
1723211755795 0.09474989026784897 5
1723211755974 0.09474989026784897 5
1723211756154 0.09474989026784897 5
1723211756352 0.09474989026784897 5
1723211756572 0.09474989026784897 5
1723211756743 0.09474989026784897 5
1723211756931 0.09474989026784897 5
1723211770449 -0.17429672181606293 6
1723211770839 -0.17429672181606293 6
1723211771102 -0.17429672181606293 6
1723211771390 -0.17429672181606293 6
1723211771659 -0.17429672181606293 6
1723211771990 -0.17429672181606293 6
1723211772276 -0.17429672181606293 6
1723211772581 -0.17429672181606293 6
1723211772850 -0.17429672181606293 6
1723211773145 -0.17429672181606293 6
1723211773464 -0.17429672181606293 6
1723211773713 -0.17429672181606293 6
1723211773938 -0.17429672181606293 6
1723211774205 -0.17429672181606293 6
1723211774474 -0.17429672181606293 6
1723211774732 -0.17429672181606293 6
1723211774985 -0.17429672181606293 6
1723211775225 -0.17429672181606293 6
1723211775436 -0.17429672181606293 6
1723211775642 -0.17429672181606293 6
1723211775860 -0.17429672181606293 6
1723211776064 -0.17429672181606293 6
1723211776276 -0.17429672181606293 6
1723211776538 -0.17429672181606293 6
1723211776828 -0.17429672181606293 6
1723211796508 0.4746361970901489 7
1723211796895 0.4746361970901489 7
1723211797164 0.4746361970901489 7
1723211797452 0.4746361970901489 7
1723211797728 0.4746361970901489 7
1723211798037 0.4746361970901489 7
1723211798303 0.4746361970901489 7
1723211798557 0.4746361970901489 7
1723211798812 0.4746361970901489 7
1723211799053 0.4746361970901489 7
1723211799356 0.4746361970901489 7
1723211799584 0.4746361970901489 7
1723211799871 0.4746361970901489 7
1723211800151 0.4746361970901489 7
1723211800374 0.4746361970901489 7
1723211800617 0.4746361970901489 7
1723211800863 0.4746361970901489 7
1723211801088 0.4746361970901489 7
1723211801308 0.4746361970901489 7
1723211801563 0.4746361970901489 7
1723211801822 0.4746361970901489 7
1723211802041 0.4746361970901489 7
1723211802269 0.4746361970901489 7
1723211802470 0.4746361970901489 7
1723211802664 0.4746361970901489 7
1723211822870 -2.080199718475342 8
1723211823228 -2.080199718475342 8
1723211823492 -2.080199718475342 8
1723211823770 -2.080199718475342 8
1723211824065 -2.080199718475342 8
1723211824301 -2.080199718475342 8
1723211824543 -2.080199718475342 8
1723211824805 -2.080199718475342 8
1723211825103 -2.080199718475342 8
1723211825352 -2.080199718475342 8
1723211825623 -2.080199718475342 8
1723211825894 -2.080199718475342 8
1723211826159 -2.080199718475342 8
1723211826410 -2.080199718475342 8
1723211826668 -2.080199718475342 8
1723211826903 -2.080199718475342 8
1723211827149 -2.080199718475342 8
1723211827373 -2.080199718475342 8
1723211827570 -2.080199718475342 8
1723211827771 -2.080199718475342 8
1723211827991 -2.080199718475342 8
1723211828197 -2.080199718475342 8
1723211828406 -2.080199718475342 8
1723211828601 -2.080199718475342 8
1723211828877 -2.080199718475342 8
1723211850551 -0.04703303053975105 9
1723211850921 -0.04703303053975105 9
1723211851198 -0.04703303053975105 9
1723211851452 -0.04703303053975105 9
1723211851748 -0.04703303053975105 9
1723211852016 -0.04703303053975105 9
1723211852267 -0.04703303053975105 9
1723211852542 -0.04703303053975105 9
1723211852803 -0.04703303053975105 9
1723211853062 -0.04703303053975105 9
1723211853298 -0.04703303053975105 9
1723211853526 -0.04703303053975105 9
1723211853725 -0.04703303053975105 9
1723211853945 -0.04703303053975105 9
1723211854158 -0.04703303053975105 9
1723211854359 -0.04703303053975105 9
1723211854578 -0.04703303053975105 9
1723211854763 -0.04703303053975105 9
1723211854923 -0.04703303053975105 9
1723211855088 -0.04703303053975105 9
1723211855278 -0.04703303053975105 9
1723211855440 -0.04703303053975105 9
1723211855584 -0.04703303053975105 9
1723211855728 -0.04703303053975105 9
1723211855896 -0.04703303053975105 9
1723211876762 0.2064637988805771 10
1723211877137 0.2064637988805771 10
1723211877437 0.2064637988805771 10
1723211877711 0.2064637988805771 10
1723211878005 0.2064637988805771 10
1723211878264 0.2064637988805771 10
1723211878495 0.2064637988805771 10
1723211878731 0.2064637988805771 10
1723211878966 0.2064637988805771 10
1723211879240 0.2064637988805771 10
1723211879504 0.2064637988805771 10
1723211879724 0.2064637988805771 10
1723211879941 0.2064637988805771 10
1723211880168 0.2064637988805771 10
1723211880401 0.2064637988805771 10
1723211880638 0.2064637988805771 10
1723211880867 0.2064637988805771 10
1723211881085 0.2064637988805771 10
1723211881290 0.2064637988805771 10
1723211881501 0.2064637988805771 10
1723211881700 0.2064637988805771 10
1723211881908 0.2064637988805771 10
1723211882091 0.2064637988805771 10
1723211882251 0.2064637988805771 10
1723211882439 0.2064637988805771 10
1723211902694 2.1426756381988525 11
1723211903039 2.1426756381988525 11
1723211903361 2.1426756381988525 11
1723211903630 2.1426756381988525 11
1723211903902 2.1426756381988525 11
1723211904155 2.1426756381988525 11
1723211904444 2.1426756381988525 11
1723211904673 2.1426756381988525 11
1723211904937 2.1426756381988525 11
1723211905197 2.1426756381988525 11
1723211905454 2.1426756381988525 11
1723211905771 2.1426756381988525 11
1723211906039 2.1426756381988525 11
1723211906360 2.1426756381988525 11
1723211906626 2.1426756381988525 11
1723211906894 2.1426756381988525 11
1723211907170 2.1426756381988525 11
1723211907422 2.1426756381988525 11
1723211907635 2.1426756381988525 11
1723211907899 2.1426756381988525 11
1723211908196 2.1426756381988525 11
1723211908428 2.1426756381988525 11
1723211908709 2.1426756381988525 11
1723211908949 2.1426756381988525 11
1723211909202 2.1426756381988525 11
1723211929436 0.6401299834251404 12
1723211929814 0.6401299834251404 12
1723211930114 0.6401299834251404 12
1723211930395 0.6401299834251404 12
1723211930678 0.6401299834251404 12
1723211930993 0.6401299834251404 12
1723211931281 0.6401299834251404 12
1723211931574 0.6401299834251404 12
1723211931827 0.6401299834251404 12
1723211932071 0.6401299834251404 12
1723211932308 0.6401299834251404 12
1723211932550 0.6401299834251404 12
1723211933071 0.6401299834251404 12
1723211933316 0.6401299834251404 12
1723211933596 0.6401299834251404 12
1723211933865 0.6401299834251404 12
1723211934129 0.6401299834251404 12
1723211934383 0.6401299834251404 12
1723211934618 0.6401299834251404 12
1723211934837 0.6401299834251404 12
1723211935084 0.6401299834251404 12
1723211935345 0.6401299834251404 12
1723211935608 0.6401299834251404 12
1723211935814 0.6401299834251404 12
1723211936033 0.6401299834251404 12
1723211957390 -0.6434255242347717 13
1723211957798 -0.6434255242347717 13
1723211958111 -0.6434255242347717 13
1723211958382 -0.6434255242347717 13
1723211958652 -0.6434255242347717 13
1723211958922 -0.6434255242347717 13
1723211959216 -0.6434255242347717 13
1723211959471 -0.6434255242347717 13
1723211959800 -0.6434255242347717 13
1723211960076 -0.6434255242347717 13
1723211960315 -0.6434255242347717 13
1723211960550 -0.6434255242347717 13
1723211960801 -0.6434255242347717 13
1723211961020 -0.6434255242347717 13
1723211961288 -0.6434255242347717 13
1723211961513 -0.6434255242347717 13
1723211961755 -0.6434255242347717 13
1723211962005 -0.6434255242347717 13
1723211962325 -0.6434255242347717 13
1723211962568 -0.6434255242347717 13
1723211962788 -0.6434255242347717 13
1723211963008 -0.6434255242347717 13
1723211963231 -0.6434255242347717 13
1723211963460 -0.6434255242347717 13
1723211963713 -0.6434255242347717 13
1723211985318 -4.951953411102295 14
1723211985798 -4.951953411102295 14
1723211986129 -4.951953411102295 14
1723211986409 -4.951953411102295 14
1723211986700 -4.951953411102295 14
1723211986956 -4.951953411102295 14
1723211987220 -4.951953411102295 14
1723211987480 -4.951953411102295 14
1723211987784 -4.951953411102295 14
1723211988107 -4.951953411102295 14
1723211988368 -4.951953411102295 14
1723211988597 -4.951953411102295 14
1723211988860 -4.951953411102295 14
1723211989121 -4.951953411102295 14
1723211989409 -4.951953411102295 14
1723211989643 -4.951953411102295 14
1723211989910 -4.951953411102295 14
1723211990194 -4.951953411102295 14
1723211990494 -4.951953411102295 14
1723211990710 -4.951953411102295 14
1723211990935 -4.951953411102295 14
1723211991162 -4.951953411102295 14
1723211991429 -4.951953411102295 14
1723211991686 -4.951953411102295 14
1723211991927 -4.951953411102295 14
1723212012189 1.5341302156448364 15
1723212012557 1.5341302156448364 15
1723212012855 1.5341302156448364 15
1723212013168 1.5341302156448364 15
1723212013443 1.5341302156448364 15
1723212013736 1.5341302156448364 15
1723212014029 1.5341302156448364 15
1723212014282 1.5341302156448364 15
1723212014568 1.5341302156448364 15
1723212014859 1.5341302156448364 15
1723212015121 1.5341302156448364 15
1723212015384 1.5341302156448364 15
1723212015613 1.5341302156448364 15
1723212015926 1.5341302156448364 15
1723212016191 1.5341302156448364 15
1723212016469 1.5341302156448364 15
1723212016719 1.5341302156448364 15
1723212016950 1.5341302156448364 15
1723212017187 1.5341302156448364 15
1723212017460 1.5341302156448364 15
1723212017710 1.5341302156448364 15
1723212017970 1.5341302156448364 15
1723212018194 1.5341302156448364 15
1723212018405 1.5341302156448364 15
1723212018623 1.5341302156448364 15
1723212038268 8.04919719696045 16
1723212038606 8.04919719696045 16
1723212038860 8.04919719696045 16
1723212039164 8.04919719696045 16
1723212039434 8.04919719696045 16
1723212039717 8.04919719696045 16
1723212039984 8.04919719696045 16
1723212040234 8.04919719696045 16
1723212040471 8.04919719696045 16
1723212040726 8.04919719696045 16
1723212040949 8.04919719696045 16
1723212041203 8.04919719696045 16
1723212041443 8.04919719696045 16
1723212041693 8.04919719696045 16
1723212041944 8.04919719696045 16
1723212042217 8.04919719696045 16
1723212042410 8.04919719696045 16
1723212042688 8.04919719696045 16
1723212042903 8.04919719696045 16
1723212043201 8.04919719696045 16
1723212043438 8.04919719696045 16
1723212043629 8.04919719696045 16
1723212043847 8.04919719696045 16
1723212044048 8.04919719696045 16
1723212044309 8.04919719696045 16
1723212064725 1.2765284776687622 17
1723212065075 1.2765284776687622 17
1723212065347 1.2765284776687622 17
1723212065614 1.2765284776687622 17
1723212065897 1.2765284776687622 17
1723212066135 1.2765284776687622 17
1723212066412 1.2765284776687622 17
1723212066730 1.2765284776687622 17
1723212067032 1.2765284776687622 17
1723212067302 1.2765284776687622 17
1723212067578 1.2765284776687622 17
1723212067847 1.2765284776687622 17
1723212068063 1.2765284776687622 17
1723212068263 1.2765284776687622 17
1723212068463 1.2765284776687622 17
1723212068674 1.2765284776687622 17
1723212068937 1.2765284776687622 17
1723212069162 1.2765284776687622 17
1723212069394 1.2765284776687622 17
1723212069612 1.2765284776687622 17
1723212069873 1.2765284776687622 17
1723212070119 1.2765284776687622 17
1723212070307 1.2765284776687622 17
1723212070510 1.2765284776687622 17
1723212070700 1.2765284776687622 17
1723212091349 0.5073413252830505 18
1723212091771 0.5073413252830505 18
1723212092121 0.5073413252830505 18
1723212092432 0.5073413252830505 18
1723212092743 0.5073413252830505 18
1723212093000 0.5073413252830505 18
1723212093270 0.5073413252830505 18
1723212093528 0.5073413252830505 18
1723212093781 0.5073413252830505 18
1723212094023 0.5073413252830505 18
1723212094251 0.5073413252830505 18
1723212094491 0.5073413252830505 18
1723212094761 0.5073413252830505 18
1723212095047 0.5073413252830505 18
1723212095294 0.5073413252830505 18
1723212095562 0.5073413252830505 18
1723212095800 0.5073413252830505 18
1723212096039 0.5073413252830505 18
1723212096304 0.5073413252830505 18
1723212096538 0.5073413252830505 18
1723212096755 0.5073413252830505 18
1723212096982 0.5073413252830505 18
1723212097186 0.5073413252830505 18
1723212097387 0.5073413252830505 18
1723212097615 0.5073413252830505 18
1723212118738 0.611793041229248 19
1723212119110 0.611793041229248 19
1723212119459 0.611793041229248 19
1723212119699 0.611793041229248 19
1723212119995 0.611793041229248 19
1723212120256 0.611793041229248 19
1723212120522 0.611793041229248 19
1723212120743 0.611793041229248 19
1723212120963 0.611793041229248 19
1723212121245 0.611793041229248 19
1723212121499 0.611793041229248 19
1723212121828 0.611793041229248 19
1723212122041 0.611793041229248 19
1723212122286 0.611793041229248 19
1723212122510 0.611793041229248 19
1723212122779 0.611793041229248 19
1723212122988 0.611793041229248 19
1723212123216 0.611793041229248 19
1723212123470 0.611793041229248 19
1723212123695 0.611793041229248 19
1723212123882 0.611793041229248 19
1723212124070 0.611793041229248 19
1723212124271 0.611793041229248 19
1723212124464 0.611793041229248 19
1723212124672 0.611793041229248 19
1723212144798 1.0578240156173706 20
1723212145168 1.0578240156173706 20
1723212145470 1.0578240156173706 20
1723212145742 1.0578240156173706 20
1723212146040 1.0578240156173706 20
1723212146366 1.0578240156173706 20
1723212146626 1.0578240156173706 20
1723212146853 1.0578240156173706 20
1723212147124 1.0578240156173706 20
1723212147357 1.0578240156173706 20
1723212147597 1.0578240156173706 20
1723212147806 1.0578240156173706 20
1723212148014 1.0578240156173706 20
1723212148234 1.0578240156173706 20
1723212148501 1.0578240156173706 20
1723212148707 1.0578240156173706 20
1723212148938 1.0578240156173706 20
1723212149195 1.0578240156173706 20
1723212149470 1.0578240156173706 20
1723212149688 1.0578240156173706 20
1723212149895 1.0578240156173706 20
1723212150081 1.0578240156173706 20
1723212150265 1.0578240156173706 20
1723212150441 1.0578240156173706 20
1723212150650 1.0578240156173706 20
1723212171660 0.7657110095024109 21
1723212172002 0.7657110095024109 21
1723212172284 0.7657110095024109 21
1723212172558 0.7657110095024109 21
1723212172891 0.7657110095024109 21
1723212173137 0.7657110095024109 21
1723212173441 0.7657110095024109 21
1723212173696 0.7657110095024109 21
1723212173957 0.7657110095024109 21
1723212174217 0.7657110095024109 21
1723212174489 0.7657110095024109 21
1723212174741 0.7657110095024109 21
1723212174952 0.7657110095024109 21
1723212175188 0.7657110095024109 21
1723212175400 0.7657110095024109 21
1723212175651 0.7657110095024109 21
1723212175888 0.7657110095024109 21
1723212176087 0.7657110095024109 21
1723212176302 0.7657110095024109 21
1723212176547 0.7657110095024109 21
1723212176801 0.7657110095024109 21
1723212177019 0.7657110095024109 21
1723212177240 0.7657110095024109 21
1723212177428 0.7657110095024109 21
1723212177654 0.7657110095024109 21
1723212197797 0.5490989685058594 22
1723212198179 0.5490989685058594 22
1723212198458 0.5490989685058594 22
1723212198746 0.5490989685058594 22
1723212199046 0.5490989685058594 22
1723212199301 0.5490989685058594 22
1723212199559 0.5490989685058594 22
1723212199810 0.5490989685058594 22
1723212200130 0.5490989685058594 22
1723212200395 0.5490989685058594 22
1723212200628 0.5490989685058594 22
1723212200915 0.5490989685058594 22
1723212201188 0.5490989685058594 22
1723212201414 0.5490989685058594 22
1723212201671 0.5490989685058594 22
1723212201894 0.5490989685058594 22
1723212202128 0.5490989685058594 22
1723212202364 0.5490989685058594 22
1723212202602 0.5490989685058594 22
1723212202822 0.5490989685058594 22
1723212203057 0.5490989685058594 22
1723212203282 0.5490989685058594 22
1723212203469 0.5490989685058594 22
1723212203661 0.5490989685058594 22
1723212203855 0.5490989685058594 22
1723212222991 0.6793601512908936 23
1723212223346 0.6793601512908936 23
1723212223604 0.6793601512908936 23
1723212223896 0.6793601512908936 23
1723212224181 0.6793601512908936 23
1723212224429 0.6793601512908936 23
1723212224730 0.6793601512908936 23
1723212224991 0.6793601512908936 23
1723212225223 0.6793601512908936 23
1723212225488 0.6793601512908936 23
1723212225735 0.6793601512908936 23
1723212226059 0.6793601512908936 23
1723212226315 0.6793601512908936 23
1723212226519 0.6793601512908936 23
1723212226753 0.6793601512908936 23
1723212226986 0.6793601512908936 23
1723212227232 0.6793601512908936 23
1723212227446 0.6793601512908936 23
1723212227646 0.6793601512908936 23
1723212227906 0.6793601512908936 23
1723212228096 0.6793601512908936 23
1723212228311 0.6793601512908936 23
1723212228520 0.6793601512908936 23
1723212228715 0.6793601512908936 23
1723212228903 0.6793601512908936 23
1723212247873 0.6894741654396057 24
1723212248202 0.6894741654396057 24
1723212248457 0.6894741654396057 24
1723212248820 0.6894741654396057 24
1723212249154 0.6894741654396057 24
1723212249444 0.6894741654396057 24
1723212249742 0.6894741654396057 24
1723212249991 0.6894741654396057 24
1723212250287 0.6894741654396057 24
1723212250524 0.6894741654396057 24
1723212250761 0.6894741654396057 24
1723212251063 0.6894741654396057 24
1723212251318 0.6894741654396057 24
1723212251532 0.6894741654396057 24
1723212251753 0.6894741654396057 24
1723212252003 0.6894741654396057 24
1723212252278 0.6894741654396057 24
1723212252500 0.6894741654396057 24
1723212252718 0.6894741654396057 24
1723212252905 0.6894741654396057 24
1723212253112 0.6894741654396057 24
1723212253354 0.6894741654396057 24
1723212253571 0.6894741654396057 24
1723212253812 0.6894741654396057 24
1723212253984 0.6894741654396057 24
1723212271405 0.5332139134407043 25
1723212271775 0.5332139134407043 25
1723212272062 0.5332139134407043 25
1723212272385 0.5332139134407043 25
1723212272633 0.5332139134407043 25
1723212272902 0.5332139134407043 25
1723212273216 0.5332139134407043 25
1723212273439 0.5332139134407043 25
1723212273670 0.5332139134407043 25
1723212273912 0.5332139134407043 25
1723212274132 0.5332139134407043 25
1723212274355 0.5332139134407043 25
1723212274590 0.5332139134407043 25
1723212274833 0.5332139134407043 25
1723212275046 0.5332139134407043 25
1723212275289 0.5332139134407043 25
1723212275496 0.5332139134407043 25
1723212275766 0.5332139134407043 25
1723212275962 0.5332139134407043 25
1723212276198 0.5332139134407043 25
1723212276395 0.5332139134407043 25
1723212276589 0.5332139134407043 25
1723212276831 0.5332139134407043 25
1723212277032 0.5332139134407043 25
1723212277285 0.5332139134407043 25
1723212294578 0.5115979313850403 26
1723212294977 0.5115979313850403 26
1723212295277 0.5115979313850403 26
1723212295540 0.5115979313850403 26
1723212295784 0.5115979313850403 26
1723212296052 0.5115979313850403 26
1723212296322 0.5115979313850403 26
1723212296583 0.5115979313850403 26
1723212296896 0.5115979313850403 26
1723212297148 0.5115979313850403 26
1723212297406 0.5115979313850403 26
1723212297676 0.5115979313850403 26
1723212297929 0.5115979313850403 26
1723212298223 0.5115979313850403 26
1723212298441 0.5115979313850403 26
1723212298644 0.5115979313850403 26
1723212298877 0.5115979313850403 26
1723212299083 0.5115979313850403 26
1723212299269 0.5115979313850403 26
1723212299479 0.5115979313850403 26
1723212299669 0.5115979313850403 26
1723212299881 0.5115979313850403 26
1723212300093 0.5115979313850403 26
1723212300320 0.5115979313850403 26
1723212300498 0.5115979313850403 26
1723212318541 0.4548332393169403 27
1723212318936 0.4548332393169403 27
1723212319209 0.4548332393169403 27
1723212319529 0.4548332393169403 27
1723212319779 0.4548332393169403 27
1723212320080 0.4548332393169403 27
1723212320332 0.4548332393169403 27
1723212320638 0.4548332393169403 27
1723212320926 0.4548332393169403 27
1723212321223 0.4548332393169403 27
1723212321529 0.4548332393169403 27
1723212321801 0.4548332393169403 27
1723212322093 0.4548332393169403 27
1723212322354 0.4548332393169403 27
1723212322615 0.4548332393169403 27
1723212322891 0.4548332393169403 27
1723212323188 0.4548332393169403 27
1723212323498 0.4548332393169403 27
1723212323700 0.4548332393169403 27
1723212323924 0.4548332393169403 27
1723212324178 0.4548332393169403 27
1723212324430 0.4548332393169403 27
1723212324656 0.4548332393169403 27
1723212324871 0.4548332393169403 27
1723212325095 0.4548332393169403 27
1723212343664 0.5300266742706299 28
1723212344103 0.5300266742706299 28
1723212344404 0.5300266742706299 28
1723212344716 0.5300266742706299 28
1723212345068 0.5300266742706299 28
1723212345382 0.5300266742706299 28
1723212345690 0.5300266742706299 28
1723212346055 0.5300266742706299 28
1723212346365 0.5300266742706299 28
1723212346661 0.5300266742706299 28
1723212346944 0.5300266742706299 28
1723212347238 0.5300266742706299 28
1723212347540 0.5300266742706299 28
1723212347831 0.5300266742706299 28
1723212348118 0.5300266742706299 28
1723212348379 0.5300266742706299 28
1723212348674 0.5300266742706299 28
1723212348922 0.5300266742706299 28
1723212349194 0.5300266742706299 28
1723212349437 0.5300266742706299 28
1723212349677 0.5300266742706299 28
1723212349898 0.5300266742706299 28
1723212350113 0.5300266742706299 28
1723212350336 0.5300266742706299 28
1723212350560 0.5300266742706299 28
1723212368719 0.4973573684692383 29
1723212369177 0.4973573684692383 29
1723212369543 0.4973573684692383 29
1723212369850 0.4973573684692383 29
1723212370167 0.4973573684692383 29
1723212370509 0.4973573684692383 29
1723212370817 0.4973573684692383 29
1723212371107 0.4973573684692383 29
1723212371403 0.4973573684692383 29
1723212371683 0.4973573684692383 29
1723212372003 0.4973573684692383 29
1723212372309 0.4973573684692383 29
1723212372590 0.4973573684692383 29
1723212372868 0.4973573684692383 29
1723212373165 0.4973573684692383 29
1723212373441 0.4973573684692383 29
1723212373693 0.4973573684692383 29
1723212373940 0.4973573684692383 29
1723212374188 0.4973573684692383 29
1723212374422 0.4973573684692383 29
1723212374684 0.4973573684692383 29
1723212374922 0.4973573684692383 29
1723212375184 0.4973573684692383 29
1723212375418 0.4973573684692383 29
1723212375655 0.4973573684692383 29
1723212394450 0.5212883949279785 30
1723212394834 0.5212883949279785 30
1723212395121 0.5212883949279785 30
1723212395439 0.5212883949279785 30
1723212395765 0.5212883949279785 30
1723212396063 0.5212883949279785 30
1723212396358 0.5212883949279785 30
1723212396682 0.5212883949279785 30
1723212396964 0.5212883949279785 30
1723212397268 0.5212883949279785 30
1723212397550 0.5212883949279785 30
1723212397844 0.5212883949279785 30
1723212398125 0.5212883949279785 30
1723212398404 0.5212883949279785 30
1723212398677 0.5212883949279785 30
1723212398954 0.5212883949279785 30
1723212399235 0.5212883949279785 30
1723212399491 0.5212883949279785 30
1723212399761 0.5212883949279785 30
1723212399977 0.5212883949279785 30
1723212400240 0.5212883949279785 30
1723212400485 0.5212883949279785 30
1723212400732 0.5212883949279785 30
1723212400978 0.5212883949279785 30
1723212401226 0.5212883949279785 30
1723212419876 0.4766708016395569 31
1723212420279 0.4766708016395569 31
1723212420621 0.4766708016395569 31
1723212420906 0.4766708016395569 31
1723212421201 0.4766708016395569 31
1723212421481 0.4766708016395569 31
1723212421748 0.4766708016395569 31
1723212422006 0.4766708016395569 31
1723212422281 0.4766708016395569 31
1723212422541 0.4766708016395569 31
1723212422790 0.4766708016395569 31
1723212423051 0.4766708016395569 31
1723212423284 0.4766708016395569 31
1723212423560 0.4766708016395569 31
1723212423763 0.4766708016395569 31
1723212424009 0.4766708016395569 31
1723212424253 0.4766708016395569 31
1723212424482 0.4766708016395569 31
1723212424724 0.4766708016395569 31
1723212424944 0.4766708016395569 31
1723212425160 0.4766708016395569 31
1723212425411 0.4766708016395569 31
1723212425646 0.4766708016395569 31
1723212425823 0.4766708016395569 31
1723212426003 0.4766708016395569 31
1723212445600 0.44448721408843994 32
1723212445978 0.44448721408843994 32
1723212446294 0.44448721408843994 32
1723212446554 0.44448721408843994 32
1723212446852 0.44448721408843994 32
1723212447129 0.44448721408843994 32
1723212447391 0.44448721408843994 32
1723212447672 0.44448721408843994 32
1723212448020 0.44448721408843994 32
1723212448345 0.44448721408843994 32
1723212448602 0.44448721408843994 32
1723212448841 0.44448721408843994 32
1723212449073 0.44448721408843994 32
1723212449352 0.44448721408843994 32
1723212449631 0.44448721408843994 32
1723212449860 0.44448721408843994 32
1723212450142 0.44448721408843994 32
1723212450400 0.44448721408843994 32
1723212450633 0.44448721408843994 32
1723212450879 0.44448721408843994 32
1723212451156 0.44448721408843994 32
1723212451422 0.44448721408843994 32
1723212451684 0.44448721408843994 32
1723212451942 0.44448721408843994 32
1723212452207 0.44448721408843994 32
1723212469133 0.6350275874137878 33
1723212469560 0.6350275874137878 33
1723212469894 0.6350275874137878 33
1723212470171 0.6350275874137878 33
1723212470464 0.6350275874137878 33
1723212470785 0.6350275874137878 33
1723212471037 0.6350275874137878 33
1723212471284 0.6350275874137878 33
1723212471543 0.6350275874137878 33
1723212471811 0.6350275874137878 33
1723212472073 0.6350275874137878 33
1723212472304 0.6350275874137878 33
1723212472577 0.6350275874137878 33
1723212472818 0.6350275874137878 33
1723212473064 0.6350275874137878 33
1723212473327 0.6350275874137878 33
1723212473622 0.6350275874137878 33
1723212473881 0.6350275874137878 33
1723212474155 0.6350275874137878 33
1723212474391 0.6350275874137878 33
1723212474657 0.6350275874137878 33
1723212474930 0.6350275874137878 33
1723212475193 0.6350275874137878 33
1723212475441 0.6350275874137878 33
1723212475673 0.6350275874137878 33
1723212492555 0.49777647852897644 34
1723212492977 0.49777647852897644 34
1723212493277 0.49777647852897644 34
1723212493551 0.49777647852897644 34
1723212493799 0.49777647852897644 34
1723212494065 0.49777647852897644 34
1723212494331 0.49777647852897644 34
1723212494579 0.49777647852897644 34
1723212494835 0.49777647852897644 34
1723212495090 0.49777647852897644 34
1723212495349 0.49777647852897644 34
1723212495616 0.49777647852897644 34
1723212495843 0.49777647852897644 34
1723212496095 0.49777647852897644 34
1723212496304 0.49777647852897644 34
1723212496529 0.49777647852897644 34
1723212496737 0.49777647852897644 34
1723212496967 0.49777647852897644 34
1723212497162 0.49777647852897644 34
1723212497355 0.49777647852897644 34
1723212497559 0.49777647852897644 34
1723212497748 0.49777647852897644 34
1723212497974 0.49777647852897644 34
1723212498186 0.49777647852897644 34
1723212498374 0.49777647852897644 34
1723212517458 0.3220062553882599 35
1723212517848 0.3220062553882599 35
1723212518174 0.3220062553882599 35
1723212518476 0.3220062553882599 35
1723212518745 0.3220062553882599 35
1723212519000 0.3220062553882599 35
1723212519252 0.3220062553882599 35
1723212519532 0.3220062553882599 35
1723212519776 0.3220062553882599 35
1723212520045 0.3220062553882599 35
1723212520318 0.3220062553882599 35
1723212520562 0.3220062553882599 35
1723212520779 0.3220062553882599 35
1723212521005 0.3220062553882599 35
1723212521234 0.3220062553882599 35
1723212521473 0.3220062553882599 35
1723212521697 0.3220062553882599 35
1723212521905 0.3220062553882599 35
1723212522116 0.3220062553882599 35
1723212522381 0.3220062553882599 35
1723212522642 0.3220062553882599 35
1723212522859 0.3220062553882599 35
1723212523049 0.3220062553882599 35
1723212523248 0.3220062553882599 35
1723212523460 0.3220062553882599 35
1723212543691 0.45752984285354614 36
1723212544054 0.45752984285354614 36
1723212544388 0.45752984285354614 36
1723212544662 0.45752984285354614 36
1723212544932 0.45752984285354614 36
1723212545254 0.45752984285354614 36
1723212545569 0.45752984285354614 36
1723212545865 0.45752984285354614 36
1723212546195 0.45752984285354614 36
1723212546510 0.45752984285354614 36
1723212546834 0.45752984285354614 36
1723212547153 0.45752984285354614 36
1723212547475 0.45752984285354614 36
1723212547756 0.45752984285354614 36
1723212548019 0.45752984285354614 36
1723212548288 0.45752984285354614 36
1723212548607 0.45752984285354614 36
1723212548858 0.45752984285354614 36
1723212549147 0.45752984285354614 36
1723212549403 0.45752984285354614 36
1723212549640 0.45752984285354614 36
1723212549909 0.45752984285354614 36
1723212550140 0.45752984285354614 36
1723212550438 0.45752984285354614 36
1723212550723 0.45752984285354614 36
1723212569045 0.9066386222839355 37
1723212569438 0.9066386222839355 37
1723212569760 0.9066386222839355 37
1723212570097 0.9066386222839355 37
1723212570380 0.9066386222839355 37
1723212570659 0.9066386222839355 37
1723212570971 0.9066386222839355 37
1723212571262 0.9066386222839355 37
1723212571535 0.9066386222839355 37
1723212571860 0.9066386222839355 37
1723212572129 0.9066386222839355 37
1723212572357 0.9066386222839355 37
1723212572602 0.9066386222839355 37
1723212572852 0.9066386222839355 37
1723212573128 0.9066386222839355 37
1723212573354 0.9066386222839355 37
1723212573605 0.9066386222839355 37
1723212573851 0.9066386222839355 37
1723212574072 0.9066386222839355 37
1723212574316 0.9066386222839355 37
1723212574542 0.9066386222839355 37
1723212574763 0.9066386222839355 37
1723212574999 0.9066386222839355 37
1723212575217 0.9066386222839355 37
1723212575417 0.9066386222839355 37
1723212592902 0.6638736724853516 38
1723212593277 0.6638736724853516 38
1723212593524 0.6638736724853516 38
1723212593802 0.6638736724853516 38
1723212594117 0.6638736724853516 38
1723212594398 0.6638736724853516 38
1723212594667 0.6638736724853516 38
1723212594953 0.6638736724853516 38
1723212595238 0.6638736724853516 38
1723212595511 0.6638736724853516 38
1723212595777 0.6638736724853516 38
1723212596016 0.6638736724853516 38
1723212596290 0.6638736724853516 38
1723212596543 0.6638736724853516 38
1723212596780 0.6638736724853516 38
1723212597045 0.6638736724853516 38
1723212597287 0.6638736724853516 38
1723212597531 0.6638736724853516 38
1723212597742 0.6638736724853516 38
1723212597934 0.6638736724853516 38
1723212598165 0.6638736724853516 38
1723212598434 0.6638736724853516 38
1723212598648 0.6638736724853516 38
1723212598828 0.6638736724853516 38
1723212599035 0.6638736724853516 38
1723212618769 0.5067499279975891 39
1723212619135 0.5067499279975891 39
1723212619446 0.5067499279975891 39
1723212619712 0.5067499279975891 39
1723212619972 0.5067499279975891 39
1723212620218 0.5067499279975891 39
1723212620500 0.5067499279975891 39
1723212620754 0.5067499279975891 39
1723212621026 0.5067499279975891 39
1723212621285 0.5067499279975891 39
1723212621566 0.5067499279975891 39
1723212621800 0.5067499279975891 39
1723212622095 0.5067499279975891 39
1723212622315 0.5067499279975891 39
1723212622523 0.5067499279975891 39
1723212622772 0.5067499279975891 39
1723212623054 0.5067499279975891 39
1723212623298 0.5067499279975891 39
1723212623571 0.5067499279975891 39
1723212623821 0.5067499279975891 39
1723212624046 0.5067499279975891 39
1723212624259 0.5067499279975891 39
1723212624443 0.5067499279975891 39
1723212624636 0.5067499279975891 39
1723212624834 0.5067499279975891 39
1723212646151 0.6177951693534851 40
1723212646503 0.6177951693534851 40
1723212646766 0.6177951693534851 40
1723212647062 0.6177951693534851 40
1723212647324 0.6177951693534851 40
1723212647662 0.6177951693534851 40
1723212647998 0.6177951693534851 40
1723212648263 0.6177951693534851 40
1723212648539 0.6177951693534851 40
1723212648819 0.6177951693534851 40
1723212649086 0.6177951693534851 40
1723212649394 0.6177951693534851 40
1723212649622 0.6177951693534851 40
1723212649851 0.6177951693534851 40
1723212650093 0.6177951693534851 40
1723212650343 0.6177951693534851 40
1723212650554 0.6177951693534851 40
1723212650759 0.6177951693534851 40
1723212650961 0.6177951693534851 40
1723212651180 0.6177951693534851 40
1723212651383 0.6177951693534851 40
1723212651586 0.6177951693534851 40
1723212651762 0.6177951693534851 40
1723212651967 0.6177951693534851 40
1723212652139 0.6177951693534851 40
1723212665771 0.35460397601127625 41
1723212666164 0.35460397601127625 41
1723212666499 0.35460397601127625 41
1723212666786 0.35460397601127625 41
1723212667073 0.35460397601127625 41
1723212667330 0.35460397601127625 41
1723212667590 0.35460397601127625 41
1723212667852 0.35460397601127625 41
1723212668083 0.35460397601127625 41
1723212668329 0.35460397601127625 41
1723212668568 0.35460397601127625 41
1723212668844 0.35460397601127625 41
1723212669079 0.35460397601127625 41
1723212669368 0.35460397601127625 41
1723212669693 0.35460397601127625 41
1723212669936 0.35460397601127625 41
1723212670207 0.35460397601127625 41
1723212670433 0.35460397601127625 41
1723212670695 0.35460397601127625 41
1723212670953 0.35460397601127625 41
1723212671205 0.35460397601127625 41
1723212671438 0.35460397601127625 41
1723212671664 0.35460397601127625 41
1723212671871 0.35460397601127625 41
1723212672119 0.35460397601127625 41
1723212687975 0.86667799949646 42
1723212688365 0.86667799949646 42
1723212688664 0.86667799949646 42
1723212688921 0.86667799949646 42
1723212689183 0.86667799949646 42
1723212689437 0.86667799949646 42
1723212689713 0.86667799949646 42
1723212690063 0.86667799949646 42
1723212690310 0.86667799949646 42
1723212690614 0.86667799949646 42
1723212690878 0.86667799949646 42
1723212691156 0.86667799949646 42
1723212691432 0.86667799949646 42
1723212691690 0.86667799949646 42
1723212691916 0.86667799949646 42
1723212692187 0.86667799949646 42
1723212692461 0.86667799949646 42
1723212692697 0.86667799949646 42
1723212692971 0.86667799949646 42
1723212693227 0.86667799949646 42
1723212693477 0.86667799949646 42
1723212693736 0.86667799949646 42
1723212694029 0.86667799949646 42
1723212694293 0.86667799949646 42
1723212694474 0.86667799949646 42
1723212716064 0.528001606464386 43
1723212716462 0.528001606464386 43
1723212716749 0.528001606464386 43
1723212717004 0.528001606464386 43
1723212717291 0.528001606464386 43
1723212717572 0.528001606464386 43
1723212717855 0.528001606464386 43
1723212718163 0.528001606464386 43
1723212718437 0.528001606464386 43
1723212718719 0.528001606464386 43
1723212719038 0.528001606464386 43
1723212719302 0.528001606464386 43
1723212719551 0.528001606464386 43
1723212719782 0.528001606464386 43
1723212720001 0.528001606464386 43
1723212720217 0.528001606464386 43
1723212720451 0.528001606464386 43
1723212720693 0.528001606464386 43
1723212720894 0.528001606464386 43
1723212721133 0.528001606464386 43
1723212721348 0.528001606464386 43
1723212721552 0.528001606464386 43
1723212721742 0.528001606464386 43
1723212721962 0.528001606464386 43
1723212722151 0.528001606464386 43
1723212737492 0.6280062198638916 44
1723212737880 0.6280062198638916 44
1723212738169 0.6280062198638916 44
1723212738477 0.6280062198638916 44
1723212738778 0.6280062198638916 44
1723212739034 0.6280062198638916 44
1723212739325 0.6280062198638916 44
1723212739586 0.6280062198638916 44
1723212739877 0.6280062198638916 44
1723212740172 0.6280062198638916 44
1723212740433 0.6280062198638916 44
1723212740724 0.6280062198638916 44
1723212741001 0.6280062198638916 44
1723212741244 0.6280062198638916 44
1723212741452 0.6280062198638916 44
1723212741679 0.6280062198638916 44
1723212741899 0.6280062198638916 44
1723212742118 0.6280062198638916 44
1723212742331 0.6280062198638916 44
1723212742562 0.6280062198638916 44
1723212742769 0.6280062198638916 44
1723212742968 0.6280062198638916 44
1723212743200 0.6280062198638916 44
1723212743381 0.6280062198638916 44
1723212743558 0.6280062198638916 44
1723212764679 0.5757176280021667 45
1723212765019 0.5757176280021667 45
1723212765265 0.5757176280021667 45
1723212765540 0.5757176280021667 45
1723212765824 0.5757176280021667 45
1723212766097 0.5757176280021667 45
1723212766404 0.5757176280021667 45
1723212766649 0.5757176280021667 45
1723212766930 0.5757176280021667 45
1723212767231 0.5757176280021667 45
1723212767489 0.5757176280021667 45
1723212767868 0.5757176280021667 45
1723212768122 0.5757176280021667 45
1723212768375 0.5757176280021667 45
1723212768592 0.5757176280021667 45
1723212768849 0.5757176280021667 45
1723212769147 0.5757176280021667 45
1723212769458 0.5757176280021667 45
1723212769715 0.5757176280021667 45
1723212769976 0.5757176280021667 45
1723212770205 0.5757176280021667 45
1723212770419 0.5757176280021667 45
1723212770623 0.5757176280021667 45
1723212770827 0.5757176280021667 45
1723212771027 0.5757176280021667 45
1723212793090 0.7879086136817932 46
1723212793456 0.7879086136817932 46
1723212793740 0.7879086136817932 46
1723212794024 0.7879086136817932 46
1723212794316 0.7879086136817932 46
1723212794605 0.7879086136817932 46
1723212794870 0.7879086136817932 46
1723212795192 0.7879086136817932 46
1723212795452 0.7879086136817932 46
1723212795691 0.7879086136817932 46
1723212795944 0.7879086136817932 46
1723212796188 0.7879086136817932 46
1723212796446 0.7879086136817932 46
1723212796659 0.7879086136817932 46
1723212796898 0.7879086136817932 46
1723212797171 0.7879086136817932 46
1723212797403 0.7879086136817932 46
1723212797605 0.7879086136817932 46
1723212797814 0.7879086136817932 46
1723212798026 0.7879086136817932 46
1723212798247 0.7879086136817932 46
1723212798485 0.7879086136817932 46
1723212798699 0.7879086136817932 46
1723212798893 0.7879086136817932 46
1723212799087 0.7879086136817932 46
1723212824274 0.7985202074050903 47
1723212824664 0.7985202074050903 47
1723212824981 0.7985202074050903 47
1723212825283 0.7985202074050903 47
1723212825542 0.7985202074050903 47
1723212825798 0.7985202074050903 47
1723212826080 0.7985202074050903 47
1723212826354 0.7985202074050903 47
1723212826629 0.7985202074050903 47
1723212826877 0.7985202074050903 47
1723212827135 0.7985202074050903 47
1723212827411 0.7985202074050903 47
1723212827662 0.7985202074050903 47
1723212827947 0.7985202074050903 47
1723212828216 0.7985202074050903 47
1723212828456 0.7985202074050903 47
1723212828699 0.7985202074050903 47
1723212828953 0.7985202074050903 47
1723212829171 0.7985202074050903 47
1723212829401 0.7985202074050903 47
1723212829610 0.7985202074050903 47
1723212829819 0.7985202074050903 47
1723212830055 0.7985202074050903 47
1723212830339 0.7985202074050903 47
1723212830584 0.7985202074050903 47
1723212854288 0.5300029516220093 48
1723212854730 0.5300029516220093 48
1723212854989 0.5300029516220093 48
1723212855259 0.5300029516220093 48
1723212855528 0.5300029516220093 48
1723212855813 0.5300029516220093 48
1723212856134 0.5300029516220093 48
1723212856375 0.5300029516220093 48
1723212856637 0.5300029516220093 48
1723212856874 0.5300029516220093 48
1723212857143 0.5300029516220093 48
1723212857435 0.5300029516220093 48
1723212857678 0.5300029516220093 48
1723212857948 0.5300029516220093 48
1723212858222 0.5300029516220093 48
1723212858484 0.5300029516220093 48
1723212858738 0.5300029516220093 48
1723212858975 0.5300029516220093 48
1723212859217 0.5300029516220093 48
1723212859462 0.5300029516220093 48
1723212859702 0.5300029516220093 48
1723212859963 0.5300029516220093 48
1723212860203 0.5300029516220093 48
1723212860451 0.5300029516220093 48
1723212860694 0.5300029516220093 48
1723212878116 0.4793965220451355 49
1723212878524 0.4793965220451355 49
1723212878791 0.4793965220451355 49
1723212879115 0.4793965220451355 49
1723212879475 0.4793965220451355 49
1723212879777 0.4793965220451355 49
1723212880063 0.4793965220451355 49
1723212880385 0.4793965220451355 49
1723212880659 0.4793965220451355 49
1723212880946 0.4793965220451355 49
1723212881213 0.4793965220451355 49
1723212881488 0.4793965220451355 49
1723212881757 0.4793965220451355 49
1723212882066 0.4793965220451355 49
1723212882325 0.4793965220451355 49
1723212882557 0.4793965220451355 49
1723212882788 0.4793965220451355 49
1723212883008 0.4793965220451355 49
1723212883213 0.4793965220451355 49
1723212883462 0.4793965220451355 49
1723212883734 0.4793965220451355 49
1723212883948 0.4793965220451355 49
1723212884254 0.4793965220451355 49
1723212884515 0.4793965220451355 49
1723212884724 0.4793965220451355 49
