1723211637935 1.2273463010787964 0
1723211638324 1.2273463010787964 0
1723211638625 1.2273463010787964 0
1723211638882 1.2273463010787964 0
1723211639153 1.2273463010787964 0
1723211639408 1.2273463010787964 0
1723211639646 1.2273463010787964 0
1723211639926 1.2273463010787964 0
1723211640231 1.2273463010787964 0
1723211640565 1.2273463010787964 0
1723211640811 1.2273463010787964 0
1723211641052 1.2273463010787964 0
1723211641309 1.2273463010787964 0
1723211641539 1.2273463010787964 0
1723211641757 1.2273463010787964 0
1723211641985 1.2273463010787964 0
1723211642204 1.2273463010787964 0
1723211642425 1.2273463010787964 0
1723211642670 1.2273463010787964 0
1723211642875 1.2273463010787964 0
1723211643154 1.2273463010787964 0
1723211643448 1.2273463010787964 0
1723211643670 1.2273463010787964 0
1723211643883 1.2273463010787964 0
1723211644084 1.2273463010787964 0
1723211664177 43.70719528198242 1
1723211664529 43.70719528198242 1
1723211664800 43.70719528198242 1
1723211665089 43.70719528198242 1
1723211665375 43.70719528198242 1
1723211665619 43.70719528198242 1
1723211665879 43.70719528198242 1
1723211666140 43.70719528198242 1
1723211666368 43.70719528198242 1
1723211666591 43.70719528198242 1
1723211666835 43.70719528198242 1
1723211667063 43.70719528198242 1
1723211667332 43.70719528198242 1
1723211667636 43.70719528198242 1
1723211667922 43.70719528198242 1
1723211668121 43.70719528198242 1
1723211668322 43.70719528198242 1
1723211668521 43.70719528198242 1
1723211668733 43.70719528198242 1
1723211668931 43.70719528198242 1
1723211669093 43.70719528198242 1
1723211669283 43.70719528198242 1
1723211669459 43.70719528198242 1
1723211669650 43.70719528198242 1
1723211669815 43.70719528198242 1
1723211689798 826.7923583984375 2
1723211690157 826.7923583984375 2
1723211690436 826.7923583984375 2
1723211690780 826.7923583984375 2
1723211691101 826.7923583984375 2
1723211691362 826.7923583984375 2
1723211691613 826.7923583984375 2
1723211691885 826.7923583984375 2
1723211692121 826.7923583984375 2
1723211692384 826.7923583984375 2
1723211692614 826.7923583984375 2
1723211692954 826.7923583984375 2
1723211693232 826.7923583984375 2
1723211693498 826.7923583984375 2
1723211693751 826.7923583984375 2
1723211693995 826.7923583984375 2
1723211694207 826.7923583984375 2
1723211694439 826.7923583984375 2
1723211694645 826.7923583984375 2
1723211694836 826.7923583984375 2
1723211695063 826.7923583984375 2
1723211695261 826.7923583984375 2
1723211695485 826.7923583984375 2
1723211695663 826.7923583984375 2
1723211695854 826.7923583984375 2
1723211711752 19.882036209106445 3
1723211712130 19.882036209106445 3
1723211712396 19.882036209106445 3
1723211712703 19.882036209106445 3
1723211712978 19.882036209106445 3
1723211713244 19.882036209106445 3
1723211713541 19.882036209106445 3
1723211713850 19.882036209106445 3
1723211714082 19.882036209106445 3
1723211714308 19.882036209106445 3
1723211714570 19.882036209106445 3
1723211714806 19.882036209106445 3
1723211715079 19.882036209106445 3
1723211715351 19.882036209106445 3
1723211715627 19.882036209106445 3
1723211715834 19.882036209106445 3
1723211716048 19.882036209106445 3
1723211716250 19.882036209106445 3
1723211716483 19.882036209106445 3
1723211716728 19.882036209106445 3
1723211716928 19.882036209106445 3
1723211717121 19.882036209106445 3
1723211717333 19.882036209106445 3
1723211717526 19.882036209106445 3
1723211717697 19.882036209106445 3
1723211732522 10.481243133544922 4
1723211732879 10.481243133544922 4
1723211733154 10.481243133544922 4
1723211733410 10.481243133544922 4
1723211733692 10.481243133544922 4
1723211733931 10.481243133544922 4
1723211734195 10.481243133544922 4
1723211734497 10.481243133544922 4
1723211734767 10.481243133544922 4
1723211735035 10.481243133544922 4
1723211735259 10.481243133544922 4
1723211735514 10.481243133544922 4
1723211735778 10.481243133544922 4
1723211735969 10.481243133544922 4
1723211736200 10.481243133544922 4
1723211736387 10.481243133544922 4
1723211736599 10.481243133544922 4
1723211736776 10.481243133544922 4
1723211736960 10.481243133544922 4
1723211737129 10.481243133544922 4
1723211737317 10.481243133544922 4
1723211737538 10.481243133544922 4
1723211737727 10.481243133544922 4
1723211737889 10.481243133544922 4
1723211738068 10.481243133544922 4
1723211751268 53.107330322265625 5
1723211751622 53.107330322265625 5
1723211751920 53.107330322265625 5
1723211752210 53.107330322265625 5
1723211752463 53.107330322265625 5
1723211752730 53.107330322265625 5
1723211753016 53.107330322265625 5
1723211753250 53.107330322265625 5
1723211753515 53.107330322265625 5
1723211753762 53.107330322265625 5
1723211754019 53.107330322265625 5
1723211754283 53.107330322265625 5
1723211754531 53.107330322265625 5
1723211754755 53.107330322265625 5
1723211754983 53.107330322265625 5
1723211755208 53.107330322265625 5
1723211755406 53.107330322265625 5
1723211755600 53.107330322265625 5
1723211755797 53.107330322265625 5
1723211755980 53.107330322265625 5
1723211756157 53.107330322265625 5
1723211756354 53.107330322265625 5
1723211756574 53.107330322265625 5
1723211756746 53.107330322265625 5
1723211756934 53.107330322265625 5
1723211770452 132.1542510986328 6
1723211770842 132.1542510986328 6
1723211771104 132.1542510986328 6
1723211771393 132.1542510986328 6
1723211771662 132.1542510986328 6
1723211771993 132.1542510986328 6
1723211772280 132.1542510986328 6
1723211772584 132.1542510986328 6
1723211772853 132.1542510986328 6
1723211773152 132.1542510986328 6
1723211773472 132.1542510986328 6
1723211773717 132.1542510986328 6
1723211773941 132.1542510986328 6
1723211774207 132.1542510986328 6
1723211774477 132.1542510986328 6
1723211774735 132.1542510986328 6
1723211774987 132.1542510986328 6
1723211775227 132.1542510986328 6
1723211775439 132.1542510986328 6
1723211775645 132.1542510986328 6
1723211775863 132.1542510986328 6
1723211776067 132.1542510986328 6
1723211776279 132.1542510986328 6
1723211776540 132.1542510986328 6
1723211776830 132.1542510986328 6
1723211796517 45.24740219116211 7
1723211796901 45.24740219116211 7
1723211797168 45.24740219116211 7
1723211797458 45.24740219116211 7
1723211797732 45.24740219116211 7
1723211798039 45.24740219116211 7
1723211798306 45.24740219116211 7
1723211798561 45.24740219116211 7
1723211798815 45.24740219116211 7
1723211799056 45.24740219116211 7
1723211799358 45.24740219116211 7
1723211799586 45.24740219116211 7
1723211799877 45.24740219116211 7
1723211800154 45.24740219116211 7
1723211800376 45.24740219116211 7
1723211800619 45.24740219116211 7
1723211800866 45.24740219116211 7
1723211801095 45.24740219116211 7
1723211801310 45.24740219116211 7
1723211801565 45.24740219116211 7
1723211801825 45.24740219116211 7
1723211802043 45.24740219116211 7
1723211802272 45.24740219116211 7
1723211802475 45.24740219116211 7
1723211802667 45.24740219116211 7
1723211822876 292.284423828125 8
1723211823230 292.284423828125 8
1723211823495 292.284423828125 8
1723211823774 292.284423828125 8
1723211824067 292.284423828125 8
1723211824304 292.284423828125 8
1723211824546 292.284423828125 8
1723211824809 292.284423828125 8
1723211825106 292.284423828125 8
1723211825355 292.284423828125 8
1723211825626 292.284423828125 8
1723211825896 292.284423828125 8
1723211826161 292.284423828125 8
1723211826412 292.284423828125 8
1723211826671 292.284423828125 8
1723211826906 292.284423828125 8
1723211827152 292.284423828125 8
1723211827376 292.284423828125 8
1723211827573 292.284423828125 8
1723211827774 292.284423828125 8
1723211827993 292.284423828125 8
1723211828200 292.284423828125 8
1723211828408 292.284423828125 8
1723211828603 292.284423828125 8
1723211828881 292.284423828125 8
1723211850553 128.17420959472656 9
1723211850923 128.17420959472656 9
1723211851201 128.17420959472656 9
1723211851455 128.17420959472656 9
1723211851751 128.17420959472656 9
1723211852021 128.17420959472656 9
1723211852271 128.17420959472656 9
1723211852545 128.17420959472656 9
1723211852806 128.17420959472656 9
1723211853065 128.17420959472656 9
1723211853300 128.17420959472656 9
1723211853532 128.17420959472656 9
1723211853729 128.17420959472656 9
1723211853947 128.17420959472656 9
1723211854160 128.17420959472656 9
1723211854362 128.17420959472656 9
1723211854582 128.17420959472656 9
1723211854766 128.17420959472656 9
1723211854926 128.17420959472656 9
1723211855091 128.17420959472656 9
1723211855280 128.17420959472656 9
1723211855442 128.17420959472656 9
1723211855586 128.17420959472656 9
1723211855730 128.17420959472656 9
1723211855907 128.17420959472656 9
1723211876765 36.98345184326172 10
1723211877139 36.98345184326172 10
1723211877450 36.98345184326172 10
1723211877714 36.98345184326172 10
1723211878010 36.98345184326172 10
1723211878267 36.98345184326172 10
1723211878498 36.98345184326172 10
1723211878734 36.98345184326172 10
1723211878971 36.98345184326172 10
1723211879244 36.98345184326172 10
1723211879507 36.98345184326172 10
1723211879727 36.98345184326172 10
1723211879944 36.98345184326172 10
1723211880171 36.98345184326172 10
1723211880404 36.98345184326172 10
1723211880640 36.98345184326172 10
1723211880874 36.98345184326172 10
1723211881087 36.98345184326172 10
1723211881294 36.98345184326172 10
1723211881504 36.98345184326172 10
1723211881703 36.98345184326172 10
1723211881914 36.98345184326172 10
1723211882093 36.98345184326172 10
1723211882254 36.98345184326172 10
1723211882445 36.98345184326172 10
1723211902702 12.912572860717773 11
1723211903042 12.912572860717773 11
1723211903367 12.912572860717773 11
1723211903633 12.912572860717773 11
1723211903905 12.912572860717773 11
1723211904164 12.912572860717773 11
1723211904450 12.912572860717773 11
1723211904676 12.912572860717773 11
1723211904943 12.912572860717773 11
1723211905200 12.912572860717773 11
1723211905460 12.912572860717773 11
1723211905773 12.912572860717773 11
1723211906045 12.912572860717773 11
1723211906362 12.912572860717773 11
1723211906629 12.912572860717773 11
1723211906901 12.912572860717773 11
1723211907173 12.912572860717773 11
1723211907425 12.912572860717773 11
1723211907640 12.912572860717773 11
1723211907902 12.912572860717773 11
1723211908201 12.912572860717773 11
1723211908435 12.912572860717773 11
1723211908717 12.912572860717773 11
1723211908953 12.912572860717773 11
1723211909204 12.912572860717773 11
1723211929438 33.045372009277344 12
1723211929818 33.045372009277344 12
1723211930117 33.045372009277344 12
1723211930399 33.045372009277344 12
1723211930682 33.045372009277344 12
1723211930994 33.045372009277344 12
1723211931284 33.045372009277344 12
1723211931577 33.045372009277344 12
1723211931830 33.045372009277344 12
1723211932074 33.045372009277344 12
1723211932311 33.045372009277344 12
1723211932552 33.045372009277344 12
1723211933073 33.045372009277344 12
1723211933319 33.045372009277344 12
1723211933598 33.045372009277344 12
1723211933871 33.045372009277344 12
1723211934134 33.045372009277344 12
1723211934386 33.045372009277344 12
1723211934620 33.045372009277344 12
1723211934842 33.045372009277344 12
1723211935089 33.045372009277344 12
1723211935347 33.045372009277344 12
1723211935611 33.045372009277344 12
1723211935819 33.045372009277344 12
1723211936035 33.045372009277344 12
1723211957392 65.57628631591797 13
1723211957806 65.57628631591797 13
1723211958117 65.57628631591797 13
1723211958384 65.57628631591797 13
1723211958655 65.57628631591797 13
1723211958927 65.57628631591797 13
1723211959223 65.57628631591797 13
1723211959477 65.57628631591797 13
1723211959803 65.57628631591797 13
1723211960078 65.57628631591797 13
1723211960317 65.57628631591797 13
1723211960551 65.57628631591797 13
1723211960803 65.57628631591797 13
1723211961024 65.57628631591797 13
1723211961295 65.57628631591797 13
1723211961515 65.57628631591797 13
1723211961757 65.57628631591797 13
1723211962008 65.57628631591797 13
1723211962329 65.57628631591797 13
1723211962571 65.57628631591797 13
1723211962790 65.57628631591797 13
1723211963010 65.57628631591797 13
1723211963234 65.57628631591797 13
1723211963463 65.57628631591797 13
1723211963715 65.57628631591797 13
1723211985320 454.854736328125 14
1723211985804 454.854736328125 14
1723211986132 454.854736328125 14
1723211986414 454.854736328125 14
1723211986702 454.854736328125 14
1723211986959 454.854736328125 14
1723211987232 454.854736328125 14
1723211987482 454.854736328125 14
1723211987789 454.854736328125 14
1723211988115 454.854736328125 14
1723211988371 454.854736328125 14
1723211988602 454.854736328125 14
1723211988862 454.854736328125 14
1723211989124 454.854736328125 14
1723211989417 454.854736328125 14
1723211989649 454.854736328125 14
1723211989913 454.854736328125 14
1723211990197 454.854736328125 14
1723211990501 454.854736328125 14
1723211990713 454.854736328125 14
1723211990938 454.854736328125 14
1723211991174 454.854736328125 14
1723211991437 454.854736328125 14
1723211991696 454.854736328125 14
1723211991932 454.854736328125 14
1723212012192 362.60870361328125 15
1723212012562 362.60870361328125 15
1723212012858 362.60870361328125 15
1723212013171 362.60870361328125 15
1723212013447 362.60870361328125 15
1723212013739 362.60870361328125 15
1723212014036 362.60870361328125 15
1723212014285 362.60870361328125 15
1723212014576 362.60870361328125 15
1723212014862 362.60870361328125 15
1723212015129 362.60870361328125 15
1723212015386 362.60870361328125 15
1723212015615 362.60870361328125 15
1723212015934 362.60870361328125 15
1723212016194 362.60870361328125 15
1723212016477 362.60870361328125 15
1723212016722 362.60870361328125 15
1723212016953 362.60870361328125 15
1723212017190 362.60870361328125 15
1723212017466 362.60870361328125 15
1723212017712 362.60870361328125 15
1723212017972 362.60870361328125 15
1723212018197 362.60870361328125 15
1723212018407 362.60870361328125 15
1723212018627 362.60870361328125 15
1723212038271 21.42754554748535 16
1723212038608 21.42754554748535 16
1723212038871 21.42754554748535 16
1723212039166 21.42754554748535 16
1723212039437 21.42754554748535 16
1723212039720 21.42754554748535 16
1723212039992 21.42754554748535 16
1723212040237 21.42754554748535 16
1723212040474 21.42754554748535 16
1723212040729 21.42754554748535 16
1723212040952 21.42754554748535 16
1723212041211 21.42754554748535 16
1723212041446 21.42754554748535 16
1723212041701 21.42754554748535 16
1723212041955 21.42754554748535 16
1723212042219 21.42754554748535 16
1723212042412 21.42754554748535 16
1723212042691 21.42754554748535 16
1723212042906 21.42754554748535 16
1723212043212 21.42754554748535 16
1723212043440 21.42754554748535 16
1723212043632 21.42754554748535 16
1723212043849 21.42754554748535 16
1723212044051 21.42754554748535 16
1723212044312 21.42754554748535 16
1723212064731 2.6438183784484863 17
1723212065078 2.6438183784484863 17
1723212065351 2.6438183784484863 17
1723212065619 2.6438183784484863 17
1723212065900 2.6438183784484863 17
1723212066138 2.6438183784484863 17
1723212066416 2.6438183784484863 17
1723212066737 2.6438183784484863 17
1723212067035 2.6438183784484863 17
1723212067305 2.6438183784484863 17
1723212067581 2.6438183784484863 17
1723212067849 2.6438183784484863 17
1723212068066 2.6438183784484863 17
1723212068265 2.6438183784484863 17
1723212068465 2.6438183784484863 17
1723212068680 2.6438183784484863 17
1723212068944 2.6438183784484863 17
1723212069169 2.6438183784484863 17
1723212069398 2.6438183784484863 17
1723212069620 2.6438183784484863 17
1723212069876 2.6438183784484863 17
1723212070121 2.6438183784484863 17
1723212070318 2.6438183784484863 17
1723212070513 2.6438183784484863 17
1723212070704 2.6438183784484863 17
1723212091354 2.3201990127563477 18
1723212091774 2.3201990127563477 18
1723212092126 2.3201990127563477 18
1723212092435 2.3201990127563477 18
1723212092747 2.3201990127563477 18
1723212093002 2.3201990127563477 18
1723212093273 2.3201990127563477 18
1723212093531 2.3201990127563477 18
1723212093784 2.3201990127563477 18
1723212094026 2.3201990127563477 18
1723212094254 2.3201990127563477 18
1723212094494 2.3201990127563477 18
1723212094764 2.3201990127563477 18
1723212095051 2.3201990127563477 18
1723212095300 2.3201990127563477 18
1723212095565 2.3201990127563477 18
1723212095802 2.3201990127563477 18
1723212096041 2.3201990127563477 18
1723212096312 2.3201990127563477 18
1723212096540 2.3201990127563477 18
1723212096758 2.3201990127563477 18
1723212096986 2.3201990127563477 18
1723212097196 2.3201990127563477 18
1723212097393 2.3201990127563477 18
1723212097617 2.3201990127563477 18
1723212118743 1.6480216979980469 19
1723212119113 1.6480216979980469 19
1723212119462 1.6480216979980469 19
1723212119710 1.6480216979980469 19
1723212120004 1.6480216979980469 19
1723212120259 1.6480216979980469 19
1723212120524 1.6480216979980469 19
1723212120745 1.6480216979980469 19
1723212120965 1.6480216979980469 19
1723212121247 1.6480216979980469 19
1723212121502 1.6480216979980469 19
1723212121829 1.6480216979980469 19
1723212122043 1.6480216979980469 19
1723212122288 1.6480216979980469 19
1723212122517 1.6480216979980469 19
1723212122781 1.6480216979980469 19
1723212122990 1.6480216979980469 19
1723212123218 1.6480216979980469 19
1723212123476 1.6480216979980469 19
1723212123698 1.6480216979980469 19
1723212123885 1.6480216979980469 19
1723212124074 1.6480216979980469 19
1723212124277 1.6480216979980469 19
1723212124470 1.6480216979980469 19
1723212124674 1.6480216979980469 19
1723212144807 0.6321031451225281 20
1723212145170 0.6321031451225281 20
1723212145476 0.6321031451225281 20
1723212145747 0.6321031451225281 20
1723212146043 0.6321031451225281 20
1723212146373 0.6321031451225281 20
1723212146628 0.6321031451225281 20
1723212146856 0.6321031451225281 20
1723212147126 0.6321031451225281 20
1723212147360 0.6321031451225281 20
1723212147600 0.6321031451225281 20
1723212147808 0.6321031451225281 20
1723212148017 0.6321031451225281 20
1723212148237 0.6321031451225281 20
1723212148503 0.6321031451225281 20
1723212148709 0.6321031451225281 20
1723212148940 0.6321031451225281 20
1723212149202 0.6321031451225281 20
1723212149473 0.6321031451225281 20
1723212149693 0.6321031451225281 20
1723212149897 0.6321031451225281 20
1723212150083 0.6321031451225281 20
1723212150272 0.6321031451225281 20
1723212150449 0.6321031451225281 20
1723212150661 0.6321031451225281 20
1723212171669 0.7560645341873169 21
1723212172004 0.7560645341873169 21
1723212172287 0.7560645341873169 21
1723212172561 0.7560645341873169 21
1723212172894 0.7560645341873169 21
1723212173140 0.7560645341873169 21
1723212173444 0.7560645341873169 21
1723212173699 0.7560645341873169 21
1723212173961 0.7560645341873169 21
1723212174221 0.7560645341873169 21
1723212174501 0.7560645341873169 21
1723212174743 0.7560645341873169 21
1723212174954 0.7560645341873169 21
1723212175190 0.7560645341873169 21
1723212175402 0.7560645341873169 21
1723212175654 0.7560645341873169 21
1723212175890 0.7560645341873169 21
1723212176097 0.7560645341873169 21
1723212176304 0.7560645341873169 21
1723212176549 0.7560645341873169 21
1723212176803 0.7560645341873169 21
1723212177022 0.7560645341873169 21
1723212177242 0.7560645341873169 21
1723212177431 0.7560645341873169 21
1723212177660 0.7560645341873169 21
1723212197800 1.0190258026123047 22
1723212198182 1.0190258026123047 22
1723212198462 1.0190258026123047 22
1723212198752 1.0190258026123047 22
1723212199049 1.0190258026123047 22
1723212199306 1.0190258026123047 22
1723212199568 1.0190258026123047 22
1723212199813 1.0190258026123047 22
1723212200141 1.0190258026123047 22
1723212200397 1.0190258026123047 22
1723212200632 1.0190258026123047 22
1723212200918 1.0190258026123047 22
1723212201194 1.0190258026123047 22
1723212201418 1.0190258026123047 22
1723212201673 1.0190258026123047 22
1723212201897 1.0190258026123047 22
1723212202130 1.0190258026123047 22
1723212202370 1.0190258026123047 22
1723212202605 1.0190258026123047 22
1723212202833 1.0190258026123047 22
1723212203064 1.0190258026123047 22
1723212203284 1.0190258026123047 22
1723212203472 1.0190258026123047 22
1723212203663 1.0190258026123047 22
1723212203858 1.0190258026123047 22
1723212222994 1.0886852741241455 23
1723212223349 1.0886852741241455 23
1723212223607 1.0886852741241455 23
1723212223899 1.0886852741241455 23
1723212224187 1.0886852741241455 23
1723212224433 1.0886852741241455 23
1723212224742 1.0886852741241455 23
1723212224993 1.0886852741241455 23
1723212225225 1.0886852741241455 23
1723212225491 1.0886852741241455 23
1723212225744 1.0886852741241455 23
1723212226061 1.0886852741241455 23
1723212226317 1.0886852741241455 23
1723212226524 1.0886852741241455 23
1723212226757 1.0886852741241455 23
1723212226989 1.0886852741241455 23
1723212227235 1.0886852741241455 23
1723212227448 1.0886852741241455 23
1723212227658 1.0886852741241455 23
1723212227908 1.0886852741241455 23
1723212228098 1.0886852741241455 23
1723212228321 1.0886852741241455 23
1723212228522 1.0886852741241455 23
1723212228717 1.0886852741241455 23
1723212228907 1.0886852741241455 23
1723212247875 1.2261509895324707 24
1723212248210 1.2261509895324707 24
1723212248468 1.2261509895324707 24
1723212248823 1.2261509895324707 24
1723212249161 1.2261509895324707 24
1723212249446 1.2261509895324707 24
1723212249745 1.2261509895324707 24
1723212249994 1.2261509895324707 24
1723212250289 1.2261509895324707 24
1723212250529 1.2261509895324707 24
1723212250763 1.2261509895324707 24
1723212251066 1.2261509895324707 24
1723212251321 1.2261509895324707 24
1723212251535 1.2261509895324707 24
1723212251756 1.2261509895324707 24
1723212252014 1.2261509895324707 24
1723212252281 1.2261509895324707 24
1723212252502 1.2261509895324707 24
1723212252723 1.2261509895324707 24
1723212252912 1.2261509895324707 24
1723212253114 1.2261509895324707 24
1723212253356 1.2261509895324707 24
1723212253573 1.2261509895324707 24
1723212253814 1.2261509895324707 24
1723212253989 1.2261509895324707 24
1723212271408 1.1940844058990479 25
1723212271778 1.1940844058990479 25
1723212272077 1.1940844058990479 25
1723212272387 1.1940844058990479 25
1723212272636 1.1940844058990479 25
1723212272906 1.1940844058990479 25
1723212273221 1.1940844058990479 25
1723212273442 1.1940844058990479 25
1723212273672 1.1940844058990479 25
1723212273917 1.1940844058990479 25
1723212274135 1.1940844058990479 25
1723212274358 1.1940844058990479 25
1723212274593 1.1940844058990479 25
1723212274835 1.1940844058990479 25
1723212275053 1.1940844058990479 25
1723212275292 1.1940844058990479 25
1723212275499 1.1940844058990479 25
1723212275771 1.1940844058990479 25
1723212275964 1.1940844058990479 25
1723212276201 1.1940844058990479 25
1723212276398 1.1940844058990479 25
1723212276591 1.1940844058990479 25
1723212276836 1.1940844058990479 25
1723212277036 1.1940844058990479 25
1723212277288 1.1940844058990479 25
1723212294580 1.1918222904205322 26
1723212294980 1.1918222904205322 26
1723212295280 1.1918222904205322 26
1723212295543 1.1918222904205322 26
1723212295786 1.1918222904205322 26
1723212296056 1.1918222904205322 26
1723212296324 1.1918222904205322 26
1723212296586 1.1918222904205322 26
1723212296898 1.1918222904205322 26
1723212297154 1.1918222904205322 26
1723212297411 1.1918222904205322 26
1723212297679 1.1918222904205322 26
1723212297936 1.1918222904205322 26
1723212298230 1.1918222904205322 26
1723212298444 1.1918222904205322 26
1723212298647 1.1918222904205322 26
1723212298880 1.1918222904205322 26
1723212299086 1.1918222904205322 26
1723212299272 1.1918222904205322 26
1723212299483 1.1918222904205322 26
1723212299679 1.1918222904205322 26
1723212299886 1.1918222904205322 26
1723212300102 1.1918222904205322 26
1723212300325 1.1918222904205322 26
1723212300500 1.1918222904205322 26
1723212318544 1.2530730962753296 27
1723212318940 1.2530730962753296 27
1723212319212 1.2530730962753296 27
1723212319531 1.2530730962753296 27
1723212319782 1.2530730962753296 27
1723212320084 1.2530730962753296 27
1723212320335 1.2530730962753296 27
1723212320642 1.2530730962753296 27
1723212320929 1.2530730962753296 27
1723212321225 1.2530730962753296 27
1723212321532 1.2530730962753296 27
1723212321805 1.2530730962753296 27
1723212322096 1.2530730962753296 27
1723212322358 1.2530730962753296 27
1723212322620 1.2530730962753296 27
1723212322895 1.2530730962753296 27
1723212323192 1.2530730962753296 27
1723212323501 1.2530730962753296 27
1723212323703 1.2530730962753296 27
1723212323928 1.2530730962753296 27
1723212324182 1.2530730962753296 27
1723212324433 1.2530730962753296 27
1723212324660 1.2530730962753296 27
1723212324876 1.2530730962753296 27
1723212325099 1.2530730962753296 27
1723212343674 1.0281376838684082 28
1723212344111 1.0281376838684082 28
1723212344409 1.0281376838684082 28
1723212344719 1.0281376838684082 28
1723212345072 1.0281376838684082 28
1723212345385 1.0281376838684082 28
1723212345693 1.0281376838684082 28
1723212346059 1.0281376838684082 28
1723212346369 1.0281376838684082 28
1723212346664 1.0281376838684082 28
1723212346947 1.0281376838684082 28
1723212347242 1.0281376838684082 28
1723212347543 1.0281376838684082 28
1723212347834 1.0281376838684082 28
1723212348120 1.0281376838684082 28
1723212348383 1.0281376838684082 28
1723212348678 1.0281376838684082 28
1723212348925 1.0281376838684082 28
1723212349198 1.0281376838684082 28
1723212349441 1.0281376838684082 28
1723212349680 1.0281376838684082 28
1723212349901 1.0281376838684082 28
1723212350117 1.0281376838684082 28
1723212350342 1.0281376838684082 28
1723212350564 1.0281376838684082 28
1723212368721 1.2723588943481445 29
1723212369181 1.2723588943481445 29
1723212369549 1.2723588943481445 29
1723212369854 1.2723588943481445 29
1723212370170 1.2723588943481445 29
1723212370512 1.2723588943481445 29
1723212370821 1.2723588943481445 29
1723212371110 1.2723588943481445 29
1723212371406 1.2723588943481445 29
1723212371687 1.2723588943481445 29
1723212372006 1.2723588943481445 29
1723212372314 1.2723588943481445 29
1723212372594 1.2723588943481445 29
1723212372871 1.2723588943481445 29
1723212373168 1.2723588943481445 29
1723212373445 1.2723588943481445 29
1723212373696 1.2723588943481445 29
1723212373943 1.2723588943481445 29
1723212374191 1.2723588943481445 29
1723212374425 1.2723588943481445 29
1723212374687 1.2723588943481445 29
1723212374926 1.2723588943481445 29
1723212375187 1.2723588943481445 29
1723212375422 1.2723588943481445 29
1723212375660 1.2723588943481445 29
1723212394452 1.3468972444534302 30
1723212394838 1.3468972444534302 30
1723212395125 1.3468972444534302 30
1723212395443 1.3468972444534302 30
1723212395767 1.3468972444534302 30
1723212396066 1.3468972444534302 30
1723212396361 1.3468972444534302 30
1723212396685 1.3468972444534302 30
1723212396968 1.3468972444534302 30
1723212397272 1.3468972444534302 30
1723212397553 1.3468972444534302 30
1723212397846 1.3468972444534302 30
1723212398137 1.3468972444534302 30
1723212398407 1.3468972444534302 30
1723212398680 1.3468972444534302 30
1723212398958 1.3468972444534302 30
1723212399240 1.3468972444534302 30
1723212399494 1.3468972444534302 30
1723212399765 1.3468972444534302 30
1723212399981 1.3468972444534302 30
1723212400243 1.3468972444534302 30
1723212400488 1.3468972444534302 30
1723212400735 1.3468972444534302 30
1723212400981 1.3468972444534302 30
1723212401230 1.3468972444534302 30
1723212419879 1.649570345878601 31
1723212420281 1.649570345878601 31
1723212420628 1.649570345878601 31
1723212420909 1.649570345878601 31
1723212421204 1.649570345878601 31
1723212421483 1.649570345878601 31
1723212421750 1.649570345878601 31
1723212422013 1.649570345878601 31
1723212422283 1.649570345878601 31
1723212422552 1.649570345878601 31
1723212422796 1.649570345878601 31
1723212423057 1.649570345878601 31
1723212423286 1.649570345878601 31
1723212423562 1.649570345878601 31
1723212423766 1.649570345878601 31
1723212424012 1.649570345878601 31
1723212424260 1.649570345878601 31
1723212424491 1.649570345878601 31
1723212424726 1.649570345878601 31
1723212424946 1.649570345878601 31
1723212425165 1.649570345878601 31
1723212425415 1.649570345878601 31
1723212425649 1.649570345878601 31
1723212425826 1.649570345878601 31
1723212426007 1.649570345878601 31
1723212445603 1.5986146926879883 32
1723212445982 1.5986146926879883 32
1723212446297 1.5986146926879883 32
1723212446557 1.5986146926879883 32
1723212446856 1.5986146926879883 32
1723212447131 1.5986146926879883 32
1723212447396 1.5986146926879883 32
1723212447676 1.5986146926879883 32
1723212448025 1.5986146926879883 32
1723212448348 1.5986146926879883 32
1723212448605 1.5986146926879883 32
1723212448844 1.5986146926879883 32
1723212449075 1.5986146926879883 32
1723212449354 1.5986146926879883 32
1723212449636 1.5986146926879883 32
1723212449862 1.5986146926879883 32
1723212450144 1.5986146926879883 32
1723212450406 1.5986146926879883 32
1723212450642 1.5986146926879883 32
1723212450882 1.5986146926879883 32
1723212451161 1.5986146926879883 32
1723212451425 1.5986146926879883 32
1723212451695 1.5986146926879883 32
1723212451945 1.5986146926879883 32
1723212452209 1.5986146926879883 32
1723212469137 1.7121533155441284 33
1723212469562 1.7121533155441284 33
1723212469896 1.7121533155441284 33
1723212470173 1.7121533155441284 33
1723212470467 1.7121533155441284 33
1723212470791 1.7121533155441284 33
1723212471040 1.7121533155441284 33
1723212471286 1.7121533155441284 33
1723212471547 1.7121533155441284 33
1723212471814 1.7121533155441284 33
1723212472076 1.7121533155441284 33
1723212472307 1.7121533155441284 33
1723212472580 1.7121533155441284 33
1723212472820 1.7121533155441284 33
1723212473067 1.7121533155441284 33
1723212473333 1.7121533155441284 33
1723212473625 1.7121533155441284 33
1723212473883 1.7121533155441284 33
1723212474157 1.7121533155441284 33
1723212474399 1.7121533155441284 33
1723212474664 1.7121533155441284 33
1723212474933 1.7121533155441284 33
1723212475196 1.7121533155441284 33
1723212475444 1.7121533155441284 33
1723212475679 1.7121533155441284 33
1723212492557 2.1357548236846924 34
1723212492984 2.1357548236846924 34
1723212493280 2.1357548236846924 34
1723212493554 2.1357548236846924 34
1723212493802 2.1357548236846924 34
1723212494067 2.1357548236846924 34
1723212494338 2.1357548236846924 34
1723212494581 2.1357548236846924 34
1723212494838 2.1357548236846924 34
1723212495093 2.1357548236846924 34
1723212495354 2.1357548236846924 34
1723212495619 2.1357548236846924 34
1723212495846 2.1357548236846924 34
1723212496097 2.1357548236846924 34
1723212496306 2.1357548236846924 34
1723212496532 2.1357548236846924 34
1723212496741 2.1357548236846924 34
1723212496969 2.1357548236846924 34
1723212497164 2.1357548236846924 34
1723212497357 2.1357548236846924 34
1723212497561 2.1357548236846924 34
1723212497750 2.1357548236846924 34
1723212497976 2.1357548236846924 34
1723212498188 2.1357548236846924 34
1723212498377 2.1357548236846924 34
1723212517461 2.0088746547698975 35
1723212517856 2.0088746547698975 35
1723212518177 2.0088746547698975 35
1723212518483 2.0088746547698975 35
1723212518749 2.0088746547698975 35
1723212519003 2.0088746547698975 35
1723212519254 2.0088746547698975 35
1723212519535 2.0088746547698975 35
1723212519779 2.0088746547698975 35
1723212520049 2.0088746547698975 35
1723212520323 2.0088746547698975 35
1723212520565 2.0088746547698975 35
1723212520782 2.0088746547698975 35
1723212521010 2.0088746547698975 35
1723212521243 2.0088746547698975 35
1723212521480 2.0088746547698975 35
1723212521700 2.0088746547698975 35
1723212521908 2.0088746547698975 35
1723212522120 2.0088746547698975 35
1723212522392 2.0088746547698975 35
1723212522646 2.0088746547698975 35
1723212522864 2.0088746547698975 35
1723212523052 2.0088746547698975 35
1723212523251 2.0088746547698975 35
1723212523463 2.0088746547698975 35
1723212543694 1.476518154144287 36
1723212544059 1.476518154144287 36
1723212544391 1.476518154144287 36
1723212544667 1.476518154144287 36
1723212544935 1.476518154144287 36
1723212545257 1.476518154144287 36
1723212545572 1.476518154144287 36
1723212545872 1.476518154144287 36
1723212546204 1.476518154144287 36
1723212546516 1.476518154144287 36
1723212546844 1.476518154144287 36
1723212547156 1.476518154144287 36
1723212547477 1.476518154144287 36
1723212547759 1.476518154144287 36
1723212548021 1.476518154144287 36
1723212548293 1.476518154144287 36
1723212548609 1.476518154144287 36
1723212548860 1.476518154144287 36
1723212549157 1.476518154144287 36
1723212549410 1.476518154144287 36
1723212549643 1.476518154144287 36
1723212549912 1.476518154144287 36
1723212550142 1.476518154144287 36
1723212550441 1.476518154144287 36
1723212550726 1.476518154144287 36
1723212569048 1.1592515707015991 37
1723212569441 1.1592515707015991 37
1723212569771 1.1592515707015991 37
1723212570101 1.1592515707015991 37
1723212570386 1.1592515707015991 37
1723212570672 1.1592515707015991 37
1723212570974 1.1592515707015991 37
1723212571265 1.1592515707015991 37
1723212571539 1.1592515707015991 37
1723212571864 1.1592515707015991 37
1723212572132 1.1592515707015991 37
1723212572362 1.1592515707015991 37
1723212572606 1.1592515707015991 37
1723212572855 1.1592515707015991 37
1723212573131 1.1592515707015991 37
1723212573357 1.1592515707015991 37
1723212573608 1.1592515707015991 37
1723212573854 1.1592515707015991 37
1723212574074 1.1592515707015991 37
1723212574319 1.1592515707015991 37
1723212574545 1.1592515707015991 37
1723212574767 1.1592515707015991 37
1723212575001 1.1592515707015991 37
1723212575220 1.1592515707015991 37
1723212575420 1.1592515707015991 37
1723212592905 1.7007217407226562 38
1723212593279 1.7007217407226562 38
1723212593527 1.7007217407226562 38
1723212593810 1.7007217407226562 38
1723212594120 1.7007217407226562 38
1723212594401 1.7007217407226562 38
1723212594669 1.7007217407226562 38
1723212594956 1.7007217407226562 38
1723212595244 1.7007217407226562 38
1723212595514 1.7007217407226562 38
1723212595786 1.7007217407226562 38
1723212596019 1.7007217407226562 38
1723212596295 1.7007217407226562 38
1723212596546 1.7007217407226562 38
1723212596791 1.7007217407226562 38
1723212597047 1.7007217407226562 38
1723212597291 1.7007217407226562 38
1723212597536 1.7007217407226562 38
1723212597745 1.7007217407226562 38
1723212597936 1.7007217407226562 38
1723212598170 1.7007217407226562 38
1723212598439 1.7007217407226562 38
1723212598651 1.7007217407226562 38
1723212598831 1.7007217407226562 38
1723212599037 1.7007217407226562 38
1723212618771 1.6686389446258545 39
1723212619138 1.6686389446258545 39
1723212619452 1.6686389446258545 39
1723212619714 1.6686389446258545 39
1723212619975 1.6686389446258545 39
1723212620221 1.6686389446258545 39
1723212620505 1.6686389446258545 39
1723212620757 1.6686389446258545 39
1723212621029 1.6686389446258545 39
1723212621287 1.6686389446258545 39
1723212621574 1.6686389446258545 39
1723212621804 1.6686389446258545 39
1723212622098 1.6686389446258545 39
1723212622318 1.6686389446258545 39
1723212622526 1.6686389446258545 39
1723212622774 1.6686389446258545 39
1723212623058 1.6686389446258545 39
1723212623302 1.6686389446258545 39
1723212623574 1.6686389446258545 39
1723212623824 1.6686389446258545 39
1723212624049 1.6686389446258545 39
1723212624262 1.6686389446258545 39
1723212624447 1.6686389446258545 39
1723212624639 1.6686389446258545 39
1723212624837 1.6686389446258545 39
1723212646154 1.2811694145202637 40
1723212646506 1.2811694145202637 40
1723212646769 1.2811694145202637 40
1723212647065 1.2811694145202637 40
1723212647327 1.2811694145202637 40
1723212647665 1.2811694145202637 40
1723212648001 1.2811694145202637 40
1723212648265 1.2811694145202637 40
1723212648542 1.2811694145202637 40
1723212648822 1.2811694145202637 40
1723212649095 1.2811694145202637 40
1723212649396 1.2811694145202637 40
1723212649628 1.2811694145202637 40
1723212649854 1.2811694145202637 40
1723212650099 1.2811694145202637 40
1723212650346 1.2811694145202637 40
1723212650557 1.2811694145202637 40
1723212650762 1.2811694145202637 40
1723212650964 1.2811694145202637 40
1723212651183 1.2811694145202637 40
1723212651386 1.2811694145202637 40
1723212651588 1.2811694145202637 40
1723212651764 1.2811694145202637 40
1723212651969 1.2811694145202637 40
1723212652142 1.2811694145202637 40
1723212665776 1.6355496644973755 41
1723212666167 1.6355496644973755 41
1723212666501 1.6355496644973755 41
1723212666789 1.6355496644973755 41
1723212667077 1.6355496644973755 41
1723212667333 1.6355496644973755 41
1723212667593 1.6355496644973755 41
1723212667855 1.6355496644973755 41
1723212668086 1.6355496644973755 41
1723212668332 1.6355496644973755 41
1723212668574 1.6355496644973755 41
1723212668846 1.6355496644973755 41
1723212669084 1.6355496644973755 41
1723212669371 1.6355496644973755 41
1723212669695 1.6355496644973755 41
1723212669941 1.6355496644973755 41
1723212670210 1.6355496644973755 41
1723212670436 1.6355496644973755 41
1723212670698 1.6355496644973755 41
1723212670959 1.6355496644973755 41
1723212671208 1.6355496644973755 41
1723212671447 1.6355496644973755 41
1723212671667 1.6355496644973755 41
1723212671874 1.6355496644973755 41
1723212672121 1.6355496644973755 41
1723212687977 1.0757200717926025 42
1723212688368 1.0757200717926025 42
1723212688667 1.0757200717926025 42
1723212688924 1.0757200717926025 42
1723212689186 1.0757200717926025 42
1723212689439 1.0757200717926025 42
1723212689719 1.0757200717926025 42
1723212690065 1.0757200717926025 42
1723212690313 1.0757200717926025 42
1723212690617 1.0757200717926025 42
1723212690880 1.0757200717926025 42
1723212691160 1.0757200717926025 42
1723212691434 1.0757200717926025 42
1723212691692 1.0757200717926025 42
1723212691919 1.0757200717926025 42
1723212692190 1.0757200717926025 42
1723212692463 1.0757200717926025 42
1723212692701 1.0757200717926025 42
1723212692974 1.0757200717926025 42
1723212693230 1.0757200717926025 42
1723212693480 1.0757200717926025 42
1723212693742 1.0757200717926025 42
1723212694033 1.0757200717926025 42
1723212694296 1.0757200717926025 42
1723212694477 1.0757200717926025 42
1723212716067 1.6137570142745972 43
1723212716467 1.6137570142745972 43
1723212716752 1.6137570142745972 43
1723212717006 1.6137570142745972 43
1723212717294 1.6137570142745972 43
1723212717576 1.6137570142745972 43
1723212717859 1.6137570142745972 43
1723212718166 1.6137570142745972 43
1723212718440 1.6137570142745972 43
1723212718721 1.6137570142745972 43
1723212719041 1.6137570142745972 43
1723212719305 1.6137570142745972 43
1723212719553 1.6137570142745972 43
1723212719786 1.6137570142745972 43
1723212720004 1.6137570142745972 43
1723212720220 1.6137570142745972 43
1723212720464 1.6137570142745972 43
1723212720695 1.6137570142745972 43
1723212720896 1.6137570142745972 43
1723212721136 1.6137570142745972 43
1723212721351 1.6137570142745972 43
1723212721555 1.6137570142745972 43
1723212721745 1.6137570142745972 43
1723212721965 1.6137570142745972 43
1723212722154 1.6137570142745972 43
1723212737495 1.251399040222168 44
1723212737883 1.251399040222168 44
1723212738172 1.251399040222168 44
1723212738483 1.251399040222168 44
1723212738782 1.251399040222168 44
1723212739036 1.251399040222168 44
1723212739333 1.251399040222168 44
1723212739592 1.251399040222168 44
1723212739883 1.251399040222168 44
1723212740175 1.251399040222168 44
1723212740439 1.251399040222168 44
1723212740732 1.251399040222168 44
1723212741005 1.251399040222168 44
1723212741247 1.251399040222168 44
1723212741455 1.251399040222168 44
1723212741681 1.251399040222168 44
1723212741901 1.251399040222168 44
1723212742121 1.251399040222168 44
1723212742333 1.251399040222168 44
1723212742565 1.251399040222168 44
1723212742772 1.251399040222168 44
1723212742970 1.251399040222168 44
1723212743202 1.251399040222168 44
1723212743383 1.251399040222168 44
1723212743560 1.251399040222168 44
1723212764682 1.1511999368667603 45
1723212765022 1.1511999368667603 45
1723212765267 1.1511999368667603 45
1723212765542 1.1511999368667603 45
1723212765827 1.1511999368667603 45
1723212766100 1.1511999368667603 45
1723212766407 1.1511999368667603 45
1723212766654 1.1511999368667603 45
1723212766933 1.1511999368667603 45
1723212767234 1.1511999368667603 45
1723212767493 1.1511999368667603 45
1723212767876 1.1511999368667603 45
1723212768125 1.1511999368667603 45
1723212768378 1.1511999368667603 45
1723212768595 1.1511999368667603 45
1723212768851 1.1511999368667603 45
1723212769150 1.1511999368667603 45
1723212769461 1.1511999368667603 45
1723212769719 1.1511999368667603 45
1723212769980 1.1511999368667603 45
1723212770208 1.1511999368667603 45
1723212770422 1.1511999368667603 45
1723212770627 1.1511999368667603 45
1723212770831 1.1511999368667603 45
1723212771032 1.1511999368667603 45
1723212793093 1.4687567949295044 46
1723212793458 1.4687567949295044 46
1723212793742 1.4687567949295044 46
1723212794027 1.4687567949295044 46
1723212794319 1.4687567949295044 46
1723212794608 1.4687567949295044 46
1723212794873 1.4687567949295044 46
1723212795195 1.4687567949295044 46
1723212795454 1.4687567949295044 46
1723212795694 1.4687567949295044 46
1723212795946 1.4687567949295044 46
1723212796191 1.4687567949295044 46
1723212796448 1.4687567949295044 46
1723212796662 1.4687567949295044 46
1723212796901 1.4687567949295044 46
1723212797174 1.4687567949295044 46
1723212797406 1.4687567949295044 46
1723212797608 1.4687567949295044 46
1723212797817 1.4687567949295044 46
1723212798029 1.4687567949295044 46
1723212798250 1.4687567949295044 46
1723212798489 1.4687567949295044 46
1723212798701 1.4687567949295044 46
1723212798896 1.4687567949295044 46
1723212799090 1.4687567949295044 46
1723212824277 1.6379551887512207 47
1723212824676 1.6379551887512207 47
1723212824983 1.6379551887512207 47
1723212825287 1.6379551887512207 47
1723212825545 1.6379551887512207 47
1723212825801 1.6379551887512207 47
1723212826083 1.6379551887512207 47
1723212826359 1.6379551887512207 47
1723212826631 1.6379551887512207 47
1723212826880 1.6379551887512207 47
1723212827138 1.6379551887512207 47
1723212827414 1.6379551887512207 47
1723212827664 1.6379551887512207 47
1723212827949 1.6379551887512207 47
1723212828222 1.6379551887512207 47
1723212828459 1.6379551887512207 47
1723212828702 1.6379551887512207 47
1723212828955 1.6379551887512207 47
1723212829174 1.6379551887512207 47
1723212829404 1.6379551887512207 47
1723212829612 1.6379551887512207 47
1723212829822 1.6379551887512207 47
1723212830057 1.6379551887512207 47
1723212830343 1.6379551887512207 47
1723212830591 1.6379551887512207 47
1723212854291 1.7220726013183594 48
1723212854732 1.7220726013183594 48
1723212854992 1.7220726013183594 48
1723212855261 1.7220726013183594 48
1723212855531 1.7220726013183594 48
1723212855815 1.7220726013183594 48
1723212856140 1.7220726013183594 48
1723212856381 1.7220726013183594 48
1723212856640 1.7220726013183594 48
1723212856876 1.7220726013183594 48
1723212857145 1.7220726013183594 48
1723212857438 1.7220726013183594 48
1723212857681 1.7220726013183594 48
1723212857953 1.7220726013183594 48
1723212858224 1.7220726013183594 48
1723212858487 1.7220726013183594 48
1723212858741 1.7220726013183594 48
1723212858978 1.7220726013183594 48
1723212859220 1.7220726013183594 48
1723212859465 1.7220726013183594 48
1723212859704 1.7220726013183594 48
1723212859970 1.7220726013183594 48
1723212860209 1.7220726013183594 48
1723212860454 1.7220726013183594 48
1723212860699 1.7220726013183594 48
1723212878124 1.6662695407867432 49
1723212878527 1.6662695407867432 49
1723212878795 1.6662695407867432 49
1723212879120 1.6662695407867432 49
1723212879481 1.6662695407867432 49
1723212879779 1.6662695407867432 49
1723212880068 1.6662695407867432 49
1723212880388 1.6662695407867432 49
1723212880662 1.6662695407867432 49
1723212880951 1.6662695407867432 49
1723212881216 1.6662695407867432 49
1723212881491 1.6662695407867432 49
1723212881759 1.6662695407867432 49
1723212882068 1.6662695407867432 49
1723212882328 1.6662695407867432 49
1723212882560 1.6662695407867432 49
1723212882793 1.6662695407867432 49
1723212883011 1.6662695407867432 49
1723212883215 1.6662695407867432 49
1723212883470 1.6662695407867432 49
1723212883736 1.6662695407867432 49
1723212883955 1.6662695407867432 49
1723212884258 1.6662695407867432 49
1723212884518 1.6662695407867432 49
1723212884730 1.6662695407867432 49
