1723209651020 0.6733213067054749 0
1723209651476 0.6733213067054749 0
1723209651807 0.6733213067054749 0
1723209652095 0.6733213067054749 0
1723209652409 0.6733213067054749 0
1723209652677 0.6733213067054749 0
1723209652950 0.6733213067054749 0
1723209653220 0.6733213067054749 0
1723209653507 0.6733213067054749 0
1723209653780 0.6733213067054749 0
1723209654029 0.6733213067054749 0
1723209654285 0.6733213067054749 0
1723209654517 0.6733213067054749 0
1723209654771 0.6733213067054749 0
1723209655028 0.6733213067054749 0
1723209655264 0.6733213067054749 0
1723209655488 0.6733213067054749 0
1723209655717 0.6733213067054749 0
1723209655937 0.6733213067054749 0
1723209656147 0.6733213067054749 0
1723209656347 0.6733213067054749 0
1723209656547 0.6733213067054749 0
1723209656741 0.6733213067054749 0
1723209656931 0.6733213067054749 0
1723209657116 0.6733213067054749 0
1723209670039 0.3467249274253845 1
1723209670434 0.3467249274253845 1
1723209670723 0.3467249274253845 1
1723209671002 0.3467249274253845 1
1723209671282 0.3467249274253845 1
1723209671537 0.3467249274253845 1
1723209671802 0.3467249274253845 1
1723209672071 0.3467249274253845 1
1723209672344 0.3467249274253845 1
1723209672630 0.3467249274253845 1
1723209672893 0.3467249274253845 1
1723209673128 0.3467249274253845 1
1723209673371 0.3467249274253845 1
1723209673587 0.3467249274253845 1
1723209673862 0.3467249274253845 1
1723209674108 0.3467249274253845 1
1723209674339 0.3467249274253845 1
1723209674554 0.3467249274253845 1
1723209674755 0.3467249274253845 1
1723209674982 0.3467249274253845 1
1723209675186 0.3467249274253845 1
1723209675393 0.3467249274253845 1
1723209675621 0.3467249274253845 1
1723209675813 0.3467249274253845 1
1723209675994 0.3467249274253845 1
1723209690277 -0.015717556700110435 2
1723209690645 -0.015717556700110435 2
1723209690941 -0.015717556700110435 2
1723209691245 -0.015717556700110435 2
1723209691521 -0.015717556700110435 2
1723209691796 -0.015717556700110435 2
1723209692062 -0.015717556700110435 2
1723209692315 -0.015717556700110435 2
1723209692574 -0.015717556700110435 2
1723209692818 -0.015717556700110435 2
1723209693061 -0.015717556700110435 2
1723209693301 -0.015717556700110435 2
1723209693561 -0.015717556700110435 2
1723209693797 -0.015717556700110435 2
1723209694009 -0.015717556700110435 2
1723209694218 -0.015717556700110435 2
1723209694433 -0.015717556700110435 2
1723209694650 -0.015717556700110435 2
1723209694850 -0.015717556700110435 2
1723209695050 -0.015717556700110435 2
1723209695250 -0.015717556700110435 2
1723209695438 -0.015717556700110435 2
1723209695618 -0.015717556700110435 2
1723209695796 -0.015717556700110435 2
1723209695962 -0.015717556700110435 2
1723209711793 0.3929959535598755 3
1723209712328 0.3929959535598755 3
1723209712612 0.3929959535598755 3
1723209712910 0.3929959535598755 3
1723209713228 0.3929959535598755 3
1723209713490 0.3929959535598755 3
1723209713748 0.3929959535598755 3
1723209713982 0.3929959535598755 3
1723209714229 0.3929959535598755 3
1723209714460 0.3929959535598755 3
1723209714684 0.3929959535598755 3
1723209714913 0.3929959535598755 3
1723209715122 0.3929959535598755 3
1723209715323 0.3929959535598755 3
1723209715564 0.3929959535598755 3
1723209715769 0.3929959535598755 3
1723209715986 0.3929959535598755 3
1723209716184 0.3929959535598755 3
1723209716367 0.3929959535598755 3
1723209716526 0.3929959535598755 3
1723209716699 0.3929959535598755 3
1723209716861 0.3929959535598755 3
1723209717032 0.3929959535598755 3
1723209717198 0.3929959535598755 3
1723209717344 0.3929959535598755 3
1723209731857 0.1111898347735405 4
1723209732216 0.1111898347735405 4
1723209732527 0.1111898347735405 4
1723209732825 0.1111898347735405 4
1723209733100 0.1111898347735405 4
1723209733373 0.1111898347735405 4
1723209733640 0.1111898347735405 4
1723209733880 0.1111898347735405 4
1723209734105 0.1111898347735405 4
1723209734336 0.1111898347735405 4
1723209734549 0.1111898347735405 4
1723209734777 0.1111898347735405 4
1723209734976 0.1111898347735405 4
1723209735170 0.1111898347735405 4
1723209735373 0.1111898347735405 4
1723209735603 0.1111898347735405 4
1723209735840 0.1111898347735405 4
1723209736040 0.1111898347735405 4
1723209736211 0.1111898347735405 4
1723209736374 0.1111898347735405 4
1723209736553 0.1111898347735405 4
1723209736697 0.1111898347735405 4
1723209736878 0.1111898347735405 4
1723209737017 0.1111898347735405 4
1723209737141 0.1111898347735405 4
1723209749926 0.08994028717279434 5
1723209750320 0.08994028717279434 5
1723209750617 0.08994028717279434 5
1723209750885 0.08994028717279434 5
1723209751193 0.08994028717279434 5
1723209751498 0.08994028717279434 5
1723209751774 0.08994028717279434 5
1723209752049 0.08994028717279434 5
1723209752314 0.08994028717279434 5
1723209752664 0.08994028717279434 5
1723209752949 0.08994028717279434 5
1723209753196 0.08994028717279434 5
1723209753484 0.08994028717279434 5
1723209753719 0.08994028717279434 5
1723209753928 0.08994028717279434 5
1723209754134 0.08994028717279434 5
1723209754341 0.08994028717279434 5
1723209754552 0.08994028717279434 5
1723209754752 0.08994028717279434 5
1723209754942 0.08994028717279434 5
1723209755128 0.08994028717279434 5
1723209755305 0.08994028717279434 5
1723209755484 0.08994028717279434 5
1723209755671 0.08994028717279434 5
1723209755841 0.08994028717279434 5
1723209770281 0.16177739202976227 6
1723209770698 0.16177739202976227 6
1723209770983 0.16177739202976227 6
1723209771254 0.16177739202976227 6
1723209771553 0.16177739202976227 6
1723209771812 0.16177739202976227 6
1723209772075 0.16177739202976227 6
1723209772338 0.16177739202976227 6
1723209772603 0.16177739202976227 6
1723209772879 0.16177739202976227 6
1723209773115 0.16177739202976227 6
1723209773372 0.16177739202976227 6
1723209773618 0.16177739202976227 6
1723209773839 0.16177739202976227 6
1723209774060 0.16177739202976227 6
1723209774271 0.16177739202976227 6
1723209774489 0.16177739202976227 6
1723209774691 0.16177739202976227 6
1723209774890 0.16177739202976227 6
1723209775098 0.16177739202976227 6
1723209775290 0.16177739202976227 6
1723209775478 0.16177739202976227 6
1723209775666 0.16177739202976227 6
1723209775845 0.16177739202976227 6
1723209776019 0.16177739202976227 6
1723209792821 0.45164230465888977 7
1723209793165 0.45164230465888977 7
1723209793458 0.45164230465888977 7
1723209793714 0.45164230465888977 7
1723209794026 0.45164230465888977 7
1723209794317 0.45164230465888977 7
1723209794586 0.45164230465888977 7
1723209794856 0.45164230465888977 7
1723209795116 0.45164230465888977 7
1723209795366 0.45164230465888977 7
1723209795616 0.45164230465888977 7
1723209795903 0.45164230465888977 7
1723209796121 0.45164230465888977 7
1723209796344 0.45164230465888977 7
1723209796547 0.45164230465888977 7
1723209796755 0.45164230465888977 7
1723209796967 0.45164230465888977 7
1723209797153 0.45164230465888977 7
1723209797338 0.45164230465888977 7
1723209797537 0.45164230465888977 7
1723209797718 0.45164230465888977 7
1723209797890 0.45164230465888977 7
1723209798063 0.45164230465888977 7
1723209798240 0.45164230465888977 7
1723209798410 0.45164230465888977 7
1723209815568 0.133626326918602 8
1723209815955 0.133626326918602 8
1723209816225 0.133626326918602 8
1723209816542 0.133626326918602 8
1723209816856 0.133626326918602 8
1723209817128 0.133626326918602 8
1723209817395 0.133626326918602 8
1723209817697 0.133626326918602 8
1723209817999 0.133626326918602 8
1723209818250 0.133626326918602 8
1723209818480 0.133626326918602 8
1723209818694 0.133626326918602 8
1723209818937 0.133626326918602 8
1723209819171 0.133626326918602 8
1723209819452 0.133626326918602 8
1723209819670 0.133626326918602 8
1723209819918 0.133626326918602 8
1723209820151 0.133626326918602 8
1723209820350 0.133626326918602 8
1723209820540 0.133626326918602 8
1723209820784 0.133626326918602 8
1723209820986 0.133626326918602 8
1723209821178 0.133626326918602 8
1723209821362 0.133626326918602 8
1723209821532 0.133626326918602 8
1723209836730 0.5415076613426208 9
1723209837145 0.5415076613426208 9
1723209837416 0.5415076613426208 9
1723209837668 0.5415076613426208 9
1723209837937 0.5415076613426208 9
1723209838238 0.5415076613426208 9
1723209838507 0.5415076613426208 9
1723209838846 0.5415076613426208 9
1723209839130 0.5415076613426208 9
1723209839415 0.5415076613426208 9
1723209839692 0.5415076613426208 9
1723209839948 0.5415076613426208 9
1723209840188 0.5415076613426208 9
1723209840466 0.5415076613426208 9
1723209840673 0.5415076613426208 9
1723209840916 0.5415076613426208 9
1723209841137 0.5415076613426208 9
1723209841371 0.5415076613426208 9
1723209841584 0.5415076613426208 9
1723209841772 0.5415076613426208 9
1723209841955 0.5415076613426208 9
1723209842159 0.5415076613426208 9
1723209842347 0.5415076613426208 9
1723209842528 0.5415076613426208 9
1723209842700 0.5415076613426208 9
1723209860373 0.7689327597618103 10
1723209860775 0.7689327597618103 10
1723209861063 0.7689327597618103 10
1723209861372 0.7689327597618103 10
1723209861628 0.7689327597618103 10
1723209861872 0.7689327597618103 10
1723209862137 0.7689327597618103 10
1723209862376 0.7689327597618103 10
1723209862603 0.7689327597618103 10
1723209862847 0.7689327597618103 10
1723209863141 0.7689327597618103 10
1723209863397 0.7689327597618103 10
1723209863626 0.7689327597618103 10
1723209863862 0.7689327597618103 10
1723209864071 0.7689327597618103 10
1723209864277 0.7689327597618103 10
1723209864493 0.7689327597618103 10
1723209864693 0.7689327597618103 10
1723209864886 0.7689327597618103 10
1723209865075 0.7689327597618103 10
1723209865263 0.7689327597618103 10
1723209865447 0.7689327597618103 10
1723209865618 0.7689327597618103 10
1723209865788 0.7689327597618103 10
1723209865954 0.7689327597618103 10
1723209887296 0.5087599754333496 11
1723209887680 0.5087599754333496 11
1723209887978 0.5087599754333496 11
1723209888241 0.5087599754333496 11
1723209888534 0.5087599754333496 11
1723209888801 0.5087599754333496 11
1723209889069 0.5087599754333496 11
1723209889347 0.5087599754333496 11
1723209889622 0.5087599754333496 11
1723209889887 0.5087599754333496 11
1723209890185 0.5087599754333496 11
1723209890429 0.5087599754333496 11
1723209890678 0.5087599754333496 11
1723209890976 0.5087599754333496 11
1723209891248 0.5087599754333496 11
1723209891556 0.5087599754333496 11
1723209891842 0.5087599754333496 11
1723209892125 0.5087599754333496 11
1723209892377 0.5087599754333496 11
1723209892631 0.5087599754333496 11
1723209892890 0.5087599754333496 11
1723209893137 0.5087599754333496 11
1723209893375 0.5087599754333496 11
1723209893649 0.5087599754333496 11
1723209893885 0.5087599754333496 11
1723209907054 0.27395710349082947 12
1723209907449 0.27395710349082947 12
1723209907804 0.27395710349082947 12
1723209908091 0.27395710349082947 12
1723209908405 0.27395710349082947 12
1723209908690 0.27395710349082947 12
1723209908953 0.27395710349082947 12
1723209909296 0.27395710349082947 12
1723209909593 0.27395710349082947 12
1723209909892 0.27395710349082947 12
1723209910173 0.27395710349082947 12
1723209910424 0.27395710349082947 12
1723209910701 0.27395710349082947 12
1723209911017 0.27395710349082947 12
1723209911303 0.27395710349082947 12
1723209911551 0.27395710349082947 12
1723209911849 0.27395710349082947 12
1723209912134 0.27395710349082947 12
1723209912460 0.27395710349082947 12
1723209912712 0.27395710349082947 12
1723209912986 0.27395710349082947 12
1723209913277 0.27395710349082947 12
1723209913572 0.27395710349082947 12
1723209913810 0.27395710349082947 12
1723209914145 0.27395710349082947 12
1723209926746 0.24214774370193481 13
1723209927102 0.24214774370193481 13
1723209927366 0.24214774370193481 13
1723209927658 0.24214774370193481 13
1723209927930 0.24214774370193481 13
1723209928206 0.24214774370193481 13
1723209928460 0.24214774370193481 13
1723209928742 0.24214774370193481 13
1723209929006 0.24214774370193481 13
1723209929319 0.24214774370193481 13
1723209929642 0.24214774370193481 13
1723209929956 0.24214774370193481 13
1723209930229 0.24214774370193481 13
1723209930544 0.24214774370193481 13
1723209930809 0.24214774370193481 13
1723209931053 0.24214774370193481 13
1723209931294 0.24214774370193481 13
1723209931528 0.24214774370193481 13
1723209931764 0.24214774370193481 13
1723209932017 0.24214774370193481 13
1723209932255 0.24214774370193481 13
1723209932503 0.24214774370193481 13
1723209932750 0.24214774370193481 13
1723209932981 0.24214774370193481 13
1723209933210 0.24214774370193481 13
1723209952512 0.014909874647855759 14
1723209952888 0.014909874647855759 14
1723209953147 0.014909874647855759 14
1723209953407 0.014909874647855759 14
1723209953660 0.014909874647855759 14
1723209954001 0.014909874647855759 14
1723209954283 0.014909874647855759 14
1723209954522 0.014909874647855759 14
1723209954777 0.014909874647855759 14
1723209955038 0.014909874647855759 14
1723209955286 0.014909874647855759 14
1723209955521 0.014909874647855759 14
1723209955777 0.014909874647855759 14
1723209955984 0.014909874647855759 14
1723209956227 0.014909874647855759 14
1723209956437 0.014909874647855759 14
1723209956675 0.014909874647855759 14
1723209956872 0.014909874647855759 14
1723209957081 0.014909874647855759 14
1723209957269 0.014909874647855759 14
1723209957461 0.014909874647855759 14
1723209957651 0.014909874647855759 14
1723209957833 0.014909874647855759 14
1723209958008 0.014909874647855759 14
1723209958182 0.014909874647855759 14
1723209975549 0.708421528339386 15
1723209975928 0.708421528339386 15
1723209976238 0.708421528339386 15
1723209976525 0.708421528339386 15
1723209976792 0.708421528339386 15
1723209977049 0.708421528339386 15
1723209977296 0.708421528339386 15
1723209977539 0.708421528339386 15
1723209977790 0.708421528339386 15
1723209978027 0.708421528339386 15
1723209978294 0.708421528339386 15
1723209978567 0.708421528339386 15
1723209978824 0.708421528339386 15
1723209979030 0.708421528339386 15
1723209979317 0.708421528339386 15
1723209979582 0.708421528339386 15
1723209979811 0.708421528339386 15
1723209980036 0.708421528339386 15
1723209980257 0.708421528339386 15
1723209980455 0.708421528339386 15
1723209980641 0.708421528339386 15
1723209980833 0.708421528339386 15
1723209981060 0.708421528339386 15
1723209981254 0.708421528339386 15
1723209981468 0.708421528339386 15
1723209995072 0.5249293446540833 16
1723209995456 0.5249293446540833 16
1723209995789 0.5249293446540833 16
1723209996040 0.5249293446540833 16
1723209996306 0.5249293446540833 16
1723209996572 0.5249293446540833 16
1723209996834 0.5249293446540833 16
1723209997100 0.5249293446540833 16
1723209997350 0.5249293446540833 16
1723209997623 0.5249293446540833 16
1723209997946 0.5249293446540833 16
1723209998197 0.5249293446540833 16
1723209998430 0.5249293446540833 16
1723209998665 0.5249293446540833 16
1723209998891 0.5249293446540833 16
1723209999119 0.5249293446540833 16
1723209999393 0.5249293446540833 16
1723209999650 0.5249293446540833 16
1723209999896 0.5249293446540833 16
1723210000125 0.5249293446540833 16
1723210000347 0.5249293446540833 16
1723210000566 0.5249293446540833 16
1723210000755 0.5249293446540833 16
1723210000968 0.5249293446540833 16
1723210001168 0.5249293446540833 16
1723210019986 0.5318176746368408 17
1723210020407 0.5318176746368408 17
1723210020724 0.5318176746368408 17
1723210021040 0.5318176746368408 17
1723210021675 0.5318176746368408 17
1723210021986 0.5318176746368408 17
1723210022265 0.5318176746368408 17
1723210022565 0.5318176746368408 17
1723210022910 0.5318176746368408 17
1723210023220 0.5318176746368408 17
1723210023536 0.5318176746368408 17
1723210023830 0.5318176746368408 17
1723210024096 0.5318176746368408 17
1723210024419 0.5318176746368408 17
1723210024674 0.5318176746368408 17
1723210024927 0.5318176746368408 17
1723210025245 0.5318176746368408 17
1723210025494 0.5318176746368408 17
1723210025759 0.5318176746368408 17
1723210026005 0.5318176746368408 17
1723210026212 0.5318176746368408 17
1723210026445 0.5318176746368408 17
1723210026680 0.5318176746368408 17
1723210026925 0.5318176746368408 17
1723210027201 0.5318176746368408 17
