1723209651030 0.7435294389724731 0
1723209651480 0.7435294389724731 0
1723209651812 0.7435294389724731 0
1723209652097 0.7435294389724731 0
1723209652412 0.7435294389724731 0
1723209652680 0.7435294389724731 0
1723209652953 0.7435294389724731 0
1723209653226 0.7435294389724731 0
1723209653510 0.7435294389724731 0
1723209653782 0.7435294389724731 0
1723209654034 0.7435294389724731 0
1723209654287 0.7435294389724731 0
1723209654520 0.7435294389724731 0
1723209654775 0.7435294389724731 0
1723209655031 0.7435294389724731 0
1723209655267 0.7435294389724731 0
1723209655490 0.7435294389724731 0
1723209655719 0.7435294389724731 0
1723209655941 0.7435294389724731 0
1723209656150 0.7435294389724731 0
1723209656351 0.7435294389724731 0
1723209656550 0.7435294389724731 0
1723209656744 0.7435294389724731 0
1723209656934 0.7435294389724731 0
1723209657119 0.7435294389724731 0
1723209670050 3.129265785217285 1
1723209670437 3.129265785217285 1
1723209670729 3.129265785217285 1
1723209671004 3.129265785217285 1
1723209671285 3.129265785217285 1
1723209671539 3.129265785217285 1
1723209671805 3.129265785217285 1
1723209672074 3.129265785217285 1
1723209672350 3.129265785217285 1
1723209672636 3.129265785217285 1
1723209672897 3.129265785217285 1
1723209673131 3.129265785217285 1
1723209673373 3.129265785217285 1
1723209673590 3.129265785217285 1
1723209673869 3.129265785217285 1
1723209674110 3.129265785217285 1
1723209674342 3.129265785217285 1
1723209674557 3.129265785217285 1
1723209674758 3.129265785217285 1
1723209674984 3.129265785217285 1
1723209675190 3.129265785217285 1
1723209675395 3.129265785217285 1
1723209675626 3.129265785217285 1
1723209675816 3.129265785217285 1
1723209675997 3.129265785217285 1
1723209690279 10.891595840454102 2
1723209690649 10.891595840454102 2
1723209690946 10.891595840454102 2
1723209691248 10.891595840454102 2
1723209691525 10.891595840454102 2
1723209691799 10.891595840454102 2
1723209692065 10.891595840454102 2
1723209692318 10.891595840454102 2
1723209692577 10.891595840454102 2
1723209692821 10.891595840454102 2
1723209693063 10.891595840454102 2
1723209693304 10.891595840454102 2
1723209693564 10.891595840454102 2
1723209693800 10.891595840454102 2
1723209694011 10.891595840454102 2
1723209694221 10.891595840454102 2
1723209694435 10.891595840454102 2
1723209694653 10.891595840454102 2
1723209694854 10.891595840454102 2
1723209695053 10.891595840454102 2
1723209695253 10.891595840454102 2
1723209695441 10.891595840454102 2
1723209695621 10.891595840454102 2
1723209695801 10.891595840454102 2
1723209695965 10.891595840454102 2
1723209711797 0.8734903931617737 3
1723209712330 0.8734903931617737 3
1723209712616 0.8734903931617737 3
1723209712912 0.8734903931617737 3
1723209713232 0.8734903931617737 3
1723209713492 0.8734903931617737 3
1723209713751 0.8734903931617737 3
1723209713984 0.8734903931617737 3
1723209714231 0.8734903931617737 3
1723209714463 0.8734903931617737 3
1723209714686 0.8734903931617737 3
1723209714916 0.8734903931617737 3
1723209715124 0.8734903931617737 3
1723209715326 0.8734903931617737 3
1723209715566 0.8734903931617737 3
1723209715772 0.8734903931617737 3
1723209715988 0.8734903931617737 3
1723209716187 0.8734903931617737 3
1723209716369 0.8734903931617737 3
1723209716530 0.8734903931617737 3
1723209716702 0.8734903931617737 3
1723209716867 0.8734903931617737 3
1723209717035 0.8734903931617737 3
1723209717200 0.8734903931617737 3
1723209717347 0.8734903931617737 3
1723209731861 3.344508409500122 4
1723209732218 3.344508409500122 4
1723209732530 3.344508409500122 4
1723209732829 3.344508409500122 4
1723209733103 3.344508409500122 4
1723209733376 3.344508409500122 4
1723209733643 3.344508409500122 4
1723209733883 3.344508409500122 4
1723209734107 3.344508409500122 4
1723209734339 3.344508409500122 4
1723209734550 3.344508409500122 4
1723209734779 3.344508409500122 4
1723209734978 3.344508409500122 4
1723209735173 3.344508409500122 4
1723209735375 3.344508409500122 4
1723209735606 3.344508409500122 4
1723209735843 3.344508409500122 4
1723209736043 3.344508409500122 4
1723209736216 3.344508409500122 4
1723209736376 3.344508409500122 4
1723209736557 3.344508409500122 4
1723209736699 3.344508409500122 4
1723209736882 3.344508409500122 4
1723209737020 3.344508409500122 4
1723209737143 3.344508409500122 4
1723209749929 3.9333319664001465 5
1723209750323 3.9333319664001465 5
1723209750620 3.9333319664001465 5
1723209750887 3.9333319664001465 5
1723209751195 3.9333319664001465 5
1723209751505 3.9333319664001465 5
1723209751777 3.9333319664001465 5
1723209752053 3.9333319664001465 5
1723209752317 3.9333319664001465 5
1723209752667 3.9333319664001465 5
1723209752957 3.9333319664001465 5
1723209753202 3.9333319664001465 5
1723209753489 3.9333319664001465 5
1723209753721 3.9333319664001465 5
1723209753931 3.9333319664001465 5
1723209754137 3.9333319664001465 5
1723209754343 3.9333319664001465 5
1723209754555 3.9333319664001465 5
1723209754755 3.9333319664001465 5
1723209754946 3.9333319664001465 5
1723209755130 3.9333319664001465 5
1723209755307 3.9333319664001465 5
1723209755486 3.9333319664001465 5
1723209755674 3.9333319664001465 5
1723209755845 3.9333319664001465 5
1723209770283 5.484266757965088 6
1723209770701 5.484266757965088 6
1723209770985 5.484266757965088 6
1723209771257 5.484266757965088 6
1723209771556 5.484266757965088 6
1723209771815 5.484266757965088 6
1723209772078 5.484266757965088 6
1723209772341 5.484266757965088 6
1723209772606 5.484266757965088 6
1723209772882 5.484266757965088 6
1723209773117 5.484266757965088 6
1723209773375 5.484266757965088 6
1723209773621 5.484266757965088 6
1723209773842 5.484266757965088 6
1723209774063 5.484266757965088 6
1723209774274 5.484266757965088 6
1723209774491 5.484266757965088 6
1723209774694 5.484266757965088 6
1723209774892 5.484266757965088 6
1723209775101 5.484266757965088 6
1723209775292 5.484266757965088 6
1723209775481 5.484266757965088 6
1723209775668 5.484266757965088 6
1723209775847 5.484266757965088 6
1723209776022 5.484266757965088 6
1723209792824 7.3181633949279785 7
1723209793167 7.3181633949279785 7
1723209793461 7.3181633949279785 7
1723209793716 7.3181633949279785 7
1723209794028 7.3181633949279785 7
1723209794320 7.3181633949279785 7
1723209794588 7.3181633949279785 7
1723209794861 7.3181633949279785 7
1723209795119 7.3181633949279785 7
1723209795369 7.3181633949279785 7
1723209795619 7.3181633949279785 7
1723209795906 7.3181633949279785 7
1723209796123 7.3181633949279785 7
1723209796347 7.3181633949279785 7
1723209796550 7.3181633949279785 7
1723209796758 7.3181633949279785 7
1723209796970 7.3181633949279785 7
1723209797155 7.3181633949279785 7
1723209797341 7.3181633949279785 7
1723209797539 7.3181633949279785 7
1723209797721 7.3181633949279785 7
1723209797896 7.3181633949279785 7
1723209798066 7.3181633949279785 7
1723209798243 7.3181633949279785 7
1723209798413 7.3181633949279785 7
1723209815573 4.429275989532471 8
1723209815957 4.429275989532471 8
1723209816231 4.429275989532471 8
1723209816545 4.429275989532471 8
1723209816859 4.429275989532471 8
1723209817132 4.429275989532471 8
1723209817398 4.429275989532471 8
1723209817701 4.429275989532471 8
1723209818004 4.429275989532471 8
1723209818252 4.429275989532471 8
1723209818483 4.429275989532471 8
1723209818696 4.429275989532471 8
1723209818940 4.429275989532471 8
1723209819173 4.429275989532471 8
1723209819454 4.429275989532471 8
1723209819673 4.429275989532471 8
1723209819921 4.429275989532471 8
1723209820154 4.429275989532471 8
1723209820353 4.429275989532471 8
1723209820543 4.429275989532471 8
1723209820788 4.429275989532471 8
1723209820989 4.429275989532471 8
1723209821185 4.429275989532471 8
1723209821364 4.429275989532471 8
1723209821534 4.429275989532471 8
1723209836733 1.618672490119934 9
1723209837147 1.618672490119934 9
1723209837418 1.618672490119934 9
1723209837675 1.618672490119934 9
1723209837940 1.618672490119934 9
1723209838244 1.618672490119934 9
1723209838512 1.618672490119934 9
1723209838849 1.618672490119934 9
1723209839134 1.618672490119934 9
1723209839419 1.618672490119934 9
1723209839698 1.618672490119934 9
1723209839951 1.618672490119934 9
1723209840193 1.618672490119934 9
1723209840472 1.618672490119934 9
1723209840678 1.618672490119934 9
1723209840919 1.618672490119934 9
1723209841144 1.618672490119934 9
1723209841378 1.618672490119934 9
1723209841587 1.618672490119934 9
1723209841774 1.618672490119934 9
1723209841958 1.618672490119934 9
1723209842163 1.618672490119934 9
1723209842350 1.618672490119934 9
1723209842533 1.618672490119934 9
1723209842702 1.618672490119934 9
1723209860375 4.67924165725708 10
1723209860778 4.67924165725708 10
1723209861066 4.67924165725708 10
1723209861375 4.67924165725708 10
1723209861630 4.67924165725708 10
1723209861875 4.67924165725708 10
1723209862140 4.67924165725708 10
1723209862378 4.67924165725708 10
1723209862605 4.67924165725708 10
1723209862855 4.67924165725708 10
1723209863145 4.67924165725708 10
1723209863400 4.67924165725708 10
1723209863628 4.67924165725708 10
1723209863864 4.67924165725708 10
1723209864075 4.67924165725708 10
1723209864280 4.67924165725708 10
1723209864495 4.67924165725708 10
1723209864695 4.67924165725708 10
1723209864889 4.67924165725708 10
1723209865078 4.67924165725708 10
1723209865266 4.67924165725708 10
1723209865450 4.67924165725708 10
1723209865621 4.67924165725708 10
1723209865791 4.67924165725708 10
1723209865957 4.67924165725708 10
1723209887301 3.5481483936309814 11
1723209887684 3.5481483936309814 11
1723209887980 3.5481483936309814 11
1723209888244 3.5481483936309814 11
1723209888537 3.5481483936309814 11
1723209888803 3.5481483936309814 11
1723209889072 3.5481483936309814 11
1723209889350 3.5481483936309814 11
1723209889625 3.5481483936309814 11
1723209889890 3.5481483936309814 11
1723209890188 3.5481483936309814 11
1723209890432 3.5481483936309814 11
1723209890681 3.5481483936309814 11
1723209890979 3.5481483936309814 11
1723209891250 3.5481483936309814 11
1723209891559 3.5481483936309814 11
1723209891845 3.5481483936309814 11
1723209892128 3.5481483936309814 11
1723209892380 3.5481483936309814 11
1723209892634 3.5481483936309814 11
1723209892893 3.5481483936309814 11
1723209893140 3.5481483936309814 11
1723209893377 3.5481483936309814 11
1723209893651 3.5481483936309814 11
1723209893887 3.5481483936309814 11
1723209907058 3.680939197540283 12
1723209907451 3.680939197540283 12
1723209907807 3.680939197540283 12
1723209908097 3.680939197540283 12
1723209908407 3.680939197540283 12
1723209908695 3.680939197540283 12
1723209908956 3.680939197540283 12
1723209909300 3.680939197540283 12
1723209909596 3.680939197540283 12
1723209909894 3.680939197540283 12
1723209910175 3.680939197540283 12
1723209910426 3.680939197540283 12
1723209910705 3.680939197540283 12
1723209911026 3.680939197540283 12
1723209911306 3.680939197540283 12
1723209911553 3.680939197540283 12
1723209911852 3.680939197540283 12
1723209912138 3.680939197540283 12
1723209912462 3.680939197540283 12
1723209912717 3.680939197540283 12
1723209912990 3.680939197540283 12
1723209913280 3.680939197540283 12
1723209913574 3.680939197540283 12
1723209913812 3.680939197540283 12
1723209914148 3.680939197540283 12
1723209926749 3.441657066345215 13
1723209927105 3.441657066345215 13
1723209927369 3.441657066345215 13
1723209927661 3.441657066345215 13
1723209927933 3.441657066345215 13
1723209928209 3.441657066345215 13
1723209928463 3.441657066345215 13
1723209928745 3.441657066345215 13
1723209929011 3.441657066345215 13
1723209929322 3.441657066345215 13
1723209929645 3.441657066345215 13
1723209929962 3.441657066345215 13
1723209930234 3.441657066345215 13
1723209930547 3.441657066345215 13
1723209930815 3.441657066345215 13
1723209931057 3.441657066345215 13
1723209931297 3.441657066345215 13
1723209931530 3.441657066345215 13
1723209931767 3.441657066345215 13
1723209932021 3.441657066345215 13
1723209932258 3.441657066345215 13
1723209932508 3.441657066345215 13
1723209932752 3.441657066345215 13
1723209932986 3.441657066345215 13
1723209933213 3.441657066345215 13
1723209952514 8.21101188659668 14
1723209952895 8.21101188659668 14
1723209953150 8.21101188659668 14
1723209953410 8.21101188659668 14
1723209953669 8.21101188659668 14
1723209954003 8.21101188659668 14
1723209954286 8.21101188659668 14
1723209954524 8.21101188659668 14
1723209954780 8.21101188659668 14
1723209955041 8.21101188659668 14
1723209955289 8.21101188659668 14
1723209955525 8.21101188659668 14
1723209955780 8.21101188659668 14
1723209955987 8.21101188659668 14
1723209956230 8.21101188659668 14
1723209956448 8.21101188659668 14
1723209956678 8.21101188659668 14
1723209956875 8.21101188659668 14
1723209957083 8.21101188659668 14
1723209957271 8.21101188659668 14
1723209957464 8.21101188659668 14
1723209957655 8.21101188659668 14
1723209957838 8.21101188659668 14
1723209958010 8.21101188659668 14
1723209958187 8.21101188659668 14
1723209975551 2.6868550777435303 15
1723209975931 2.6868550777435303 15
1723209976242 2.6868550777435303 15
1723209976528 2.6868550777435303 15
1723209976794 2.6868550777435303 15
1723209977054 2.6868550777435303 15
1723209977299 2.6868550777435303 15
1723209977542 2.6868550777435303 15
1723209977792 2.6868550777435303 15
1723209978032 2.6868550777435303 15
1723209978296 2.6868550777435303 15
1723209978576 2.6868550777435303 15
1723209978827 2.6868550777435303 15
1723209979033 2.6868550777435303 15
1723209979321 2.6868550777435303 15
1723209979584 2.6868550777435303 15
1723209979813 2.6868550777435303 15
1723209980039 2.6868550777435303 15
1723209980259 2.6868550777435303 15
1723209980458 2.6868550777435303 15
1723209980644 2.6868550777435303 15
1723209980834 2.6868550777435303 15
1723209981066 2.6868550777435303 15
1723209981260 2.6868550777435303 15
1723209981471 2.6868550777435303 15
1723209995075 2.3344616889953613 16
1723209995459 2.3344616889953613 16
1723209995792 2.3344616889953613 16
1723209996042 2.3344616889953613 16
1723209996309 2.3344616889953613 16
1723209996574 2.3344616889953613 16
1723209996836 2.3344616889953613 16
1723209997102 2.3344616889953613 16
1723209997353 2.3344616889953613 16
1723209997627 2.3344616889953613 16
1723209997948 2.3344616889953613 16
1723209998200 2.3344616889953613 16
1723209998432 2.3344616889953613 16
1723209998668 2.3344616889953613 16
1723209998894 2.3344616889953613 16
1723209999122 2.3344616889953613 16
1723209999399 2.3344616889953613 16
1723209999653 2.3344616889953613 16
1723209999898 2.3344616889953613 16
1723210000129 2.3344616889953613 16
1723210000350 2.3344616889953613 16
1723210000571 2.3344616889953613 16
1723210000758 2.3344616889953613 16
1723210000970 2.3344616889953613 16
1723210001171 2.3344616889953613 16
1723210019989 2.092562675476074 17
1723210020409 2.092562675476074 17
1723210020727 2.092562675476074 17
1723210021044 2.092562675476074 17
1723210021680 2.092562675476074 17
1723210021990 2.092562675476074 17
1723210022268 2.092562675476074 17
1723210022571 2.092562675476074 17
1723210022913 2.092562675476074 17
1723210023224 2.092562675476074 17
1723210023538 2.092562675476074 17
1723210023832 2.092562675476074 17
1723210024099 2.092562675476074 17
1723210024423 2.092562675476074 17
1723210024677 2.092562675476074 17
1723210024934 2.092562675476074 17
1723210025247 2.092562675476074 17
1723210025497 2.092562675476074 17
1723210025762 2.092562675476074 17
1723210026007 2.092562675476074 17
1723210026214 2.092562675476074 17
1723210026448 2.092562675476074 17
1723210026683 2.092562675476074 17
1723210026928 2.092562675476074 17
1723210027204 2.092562675476074 17
