1723213793106 0.3497057259082794 0
1723213793535 0.3497057259082794 0
1723213793863 0.3497057259082794 0
1723213794163 0.3497057259082794 0
1723213794429 0.3497057259082794 0
1723213794712 0.3497057259082794 0
1723213795029 0.3497057259082794 0
1723213795309 0.3497057259082794 0
1723213795625 0.3497057259082794 0
1723213795913 0.3497057259082794 0
1723213796217 0.3497057259082794 0
1723213796509 0.3497057259082794 0
1723213796754 0.3497057259082794 0
1723213797024 0.3497057259082794 0
1723213797287 0.3497057259082794 0
1723213797544 0.3497057259082794 0
1723213797861 0.3497057259082794 0
1723213798131 0.3497057259082794 0
1723213798443 0.3497057259082794 0
1723213798698 0.3497057259082794 0
1723213798946 0.3497057259082794 0
1723213799201 0.3497057259082794 0
1723213799439 0.3497057259082794 0
1723213799708 0.3497057259082794 0
1723213799964 0.3497057259082794 0
1723214644938 0.5053114295005798 1
1723214645334 0.5053114295005798 1
1723214645645 0.5053114295005798 1
1723214645911 0.5053114295005798 1
1723214646164 0.5053114295005798 1
1723214646445 0.5053114295005798 1
1723214646747 0.5053114295005798 1
1723214647014 0.5053114295005798 1
1723214647302 0.5053114295005798 1
1723214647538 0.5053114295005798 1
1723214647803 0.5053114295005798 1
1723214648043 0.5053114295005798 1
1723214648296 0.5053114295005798 1
1723214648602 0.5053114295005798 1
1723214648878 0.5053114295005798 1
1723214649136 0.5053114295005798 1
1723214649394 0.5053114295005798 1
1723214649646 0.5053114295005798 1
1723214649928 0.5053114295005798 1
1723214650179 0.5053114295005798 1
1723214650437 0.5053114295005798 1
1723214650719 0.5053114295005798 1
1723214650973 0.5053114295005798 1
1723214651213 0.5053114295005798 1
1723214651455 0.5053114295005798 1
1723215400403 0.46695616841316223 2
1723215400810 0.46695616841316223 2
1723215401114 0.46695616841316223 2
1723215401364 0.46695616841316223 2
1723215401711 0.46695616841316223 2
1723215401963 0.46695616841316223 2
1723215402257 0.46695616841316223 2
1723215402528 0.46695616841316223 2
1723215402811 0.46695616841316223 2
1723215403071 0.46695616841316223 2
1723215403324 0.46695616841316223 2
1723215403571 0.46695616841316223 2
1723215403848 0.46695616841316223 2
1723215404118 0.46695616841316223 2
1723215404359 0.46695616841316223 2
1723215404633 0.46695616841316223 2
1723215404901 0.46695616841316223 2
1723215405149 0.46695616841316223 2
1723215405411 0.46695616841316223 2
1723215405694 0.46695616841316223 2
1723215405951 0.46695616841316223 2
1723215406207 0.46695616841316223 2
1723215406510 0.46695616841316223 2
1723215406728 0.46695616841316223 2
1723215406948 0.46695616841316223 2
1723215993610 0.6128735542297363 3
1723215993986 0.6128735542297363 3
1723215994289 0.6128735542297363 3
1723215994565 0.6128735542297363 3
1723215994841 0.6128735542297363 3
1723215995123 0.6128735542297363 3
1723215995389 0.6128735542297363 3
1723215995709 0.6128735542297363 3
1723215995971 0.6128735542297363 3
1723215996244 0.6128735542297363 3
1723215996522 0.6128735542297363 3
1723215996727 0.6128735542297363 3
1723215996941 0.6128735542297363 3
1723215997185 0.6128735542297363 3
1723215997424 0.6128735542297363 3
1723215997682 0.6128735542297363 3
1723215997921 0.6128735542297363 3
1723215998122 0.6128735542297363 3
1723215998428 0.6128735542297363 3
1723215998685 0.6128735542297363 3
1723215998913 0.6128735542297363 3
1723215999156 0.6128735542297363 3
1723215999433 0.6128735542297363 3
1723215999641 0.6128735542297363 3
1723215999822 0.6128735542297363 3
1723216533585 0.8762937188148499 4
1723216534032 0.8762937188148499 4
1723216534275 0.8762937188148499 4
1723216534517 0.8762937188148499 4
1723216534774 0.8762937188148499 4
1723216535027 0.8762937188148499 4
1723216535283 0.8762937188148499 4
1723216535553 0.8762937188148499 4
1723216535797 0.8762937188148499 4
1723216536123 0.8762937188148499 4
1723216536406 0.8762937188148499 4
1723216536699 0.8762937188148499 4
1723216536938 0.8762937188148499 4
1723216537191 0.8762937188148499 4
1723216537452 0.8762937188148499 4
1723216537693 0.8762937188148499 4
1723216537938 0.8762937188148499 4
1723216538171 0.8762937188148499 4
1723216538417 0.8762937188148499 4
1723216538643 0.8762937188148499 4
1723216538893 0.8762937188148499 4
1723216539128 0.8762937188148499 4
1723216539375 0.8762937188148499 4
1723216539593 0.8762937188148499 4
1723216539797 0.8762937188148499 4
1723217027056 0.6982020735740662 5
1723217027431 0.6982020735740662 5
1723217027714 0.6982020735740662 5
1723217028014 0.6982020735740662 5
1723217028333 0.6982020735740662 5
1723217028665 0.6982020735740662 5
1723217029042 0.6982020735740662 5
1723217029377 0.6982020735740662 5
1723217029672 0.6982020735740662 5
1723217029941 0.6982020735740662 5
1723217030182 0.6982020735740662 5
1723217030418 0.6982020735740662 5
1723217030647 0.6982020735740662 5
1723217030918 0.6982020735740662 5
1723217031164 0.6982020735740662 5
1723217031406 0.6982020735740662 5
1723217031697 0.6982020735740662 5
1723217031939 0.6982020735740662 5
1723217032163 0.6982020735740662 5
1723217032409 0.6982020735740662 5
1723217032668 0.6982020735740662 5
1723217032935 0.6982020735740662 5
1723217033183 0.6982020735740662 5
1723217033405 0.6982020735740662 5
1723217033612 0.6982020735740662 5
1723217510049 0.514756441116333 6
1723217510393 0.514756441116333 6
1723217510669 0.514756441116333 6
1723217510958 0.514756441116333 6
1723217511232 0.514756441116333 6
1723217511545 0.514756441116333 6
1723217511855 0.514756441116333 6
1723217512139 0.514756441116333 6
1723217512409 0.514756441116333 6
1723217512727 0.514756441116333 6
1723217513025 0.514756441116333 6
1723217513281 0.514756441116333 6
1723217513655 0.514756441116333 6
1723217513915 0.514756441116333 6
1723217514223 0.514756441116333 6
1723217514501 0.514756441116333 6
1723217514789 0.514756441116333 6
1723217515033 0.514756441116333 6
1723217515312 0.514756441116333 6
1723217515605 0.514756441116333 6
1723217515855 0.514756441116333 6
1723217516085 0.514756441116333 6
1723217516325 0.514756441116333 6
1723217516604 0.514756441116333 6
1723217516829 0.514756441116333 6
1723218382117 0.4168425500392914 7
1723218382505 0.4168425500392914 7
1723218382745 0.4168425500392914 7
1723218383001 0.4168425500392914 7
1723218383264 0.4168425500392914 7
1723218383575 0.4168425500392914 7
1723218383841 0.4168425500392914 7
1723218384087 0.4168425500392914 7
1723218384330 0.4168425500392914 7
1723218384666 0.4168425500392914 7
1723218384927 0.4168425500392914 7
1723218385220 0.4168425500392914 7
1723218385462 0.4168425500392914 7
1723218385695 0.4168425500392914 7
1723218385945 0.4168425500392914 7
1723218386171 0.4168425500392914 7
1723218386422 0.4168425500392914 7
1723218386658 0.4168425500392914 7
1723218386922 0.4168425500392914 7
1723218387149 0.4168425500392914 7
1723218387376 0.4168425500392914 7
1723218387652 0.4168425500392914 7
1723218387886 0.4168425500392914 7
1723218388139 0.4168425500392914 7
1723218388366 0.4168425500392914 7
1723219259625 0.3527719974517822 8
1723219259973 0.3527719974517822 8
1723219260218 0.3527719974517822 8
1723219260502 0.3527719974517822 8
1723219260764 0.3527719974517822 8
1723219261040 0.3527719974517822 8
1723219261315 0.3527719974517822 8
1723219261584 0.3527719974517822 8
1723219261834 0.3527719974517822 8
1723219262112 0.3527719974517822 8
1723219262383 0.3527719974517822 8
1723219262659 0.3527719974517822 8
1723219262890 0.3527719974517822 8
1723219263164 0.3527719974517822 8
1723219263390 0.3527719974517822 8
1723219263635 0.3527719974517822 8
1723219263910 0.3527719974517822 8
1723219264132 0.3527719974517822 8
1723219264396 0.3527719974517822 8
1723219264630 0.3527719974517822 8
1723219264912 0.3527719974517822 8
1723219265187 0.3527719974517822 8
1723219265447 0.3527719974517822 8
1723219265658 0.3527719974517822 8
1723219265873 0.3527719974517822 8
1723219986141 0.3275887072086334 9
1723219986491 0.3275887072086334 9
1723219986799 0.3275887072086334 9
1723219987094 0.3275887072086334 9
1723219987381 0.3275887072086334 9
1723219987671 0.3275887072086334 9
1723219987972 0.3275887072086334 9
1723219988243 0.3275887072086334 9
1723219988487 0.3275887072086334 9
1723219988714 0.3275887072086334 9
1723219988981 0.3275887072086334 9
1723219989220 0.3275887072086334 9
1723219989457 0.3275887072086334 9
1723219989785 0.3275887072086334 9
1723219990070 0.3275887072086334 9
1723219990341 0.3275887072086334 9
1723219990602 0.3275887072086334 9
1723219990834 0.3275887072086334 9
1723219991041 0.3275887072086334 9
1723219991323 0.3275887072086334 9
1723219991529 0.3275887072086334 9
1723219991806 0.3275887072086334 9
1723219992060 0.3275887072086334 9
1723219992320 0.3275887072086334 9
1723219992568 0.3275887072086334 9
1723220795572 0.3491717576980591 10
1723220795976 0.3491717576980591 10
1723220796236 0.3491717576980591 10
1723220796505 0.3491717576980591 10
1723220796798 0.3491717576980591 10
1723220797065 0.3491717576980591 10
1723220797335 0.3491717576980591 10
1723220797638 0.3491717576980591 10
1723220797908 0.3491717576980591 10
1723220798172 0.3491717576980591 10
1723220798414 0.3491717576980591 10
1723220798665 0.3491717576980591 10
1723220798916 0.3491717576980591 10
1723220799181 0.3491717576980591 10
1723220799440 0.3491717576980591 10
1723220799682 0.3491717576980591 10
1723220799911 0.3491717576980591 10
1723220800115 0.3491717576980591 10
1723220800334 0.3491717576980591 10
1723220800551 0.3491717576980591 10
1723220800766 0.3491717576980591 10
1723220801017 0.3491717576980591 10
1723220801236 0.3491717576980591 10
1723220801490 0.3491717576980591 10
1723220801770 0.3491717576980591 10
1723221693713 0.3135462701320648 11
1723221694128 0.3135462701320648 11
1723221694424 0.3135462701320648 11
1723221694757 0.3135462701320648 11
1723221695050 0.3135462701320648 11
1723221695391 0.3135462701320648 11
1723221695642 0.3135462701320648 11
1723221695939 0.3135462701320648 11
1723221696213 0.3135462701320648 11
1723221696496 0.3135462701320648 11
1723221696767 0.3135462701320648 11
1723221697017 0.3135462701320648 11
1723221697307 0.3135462701320648 11
1723221697614 0.3135462701320648 11
1723221697855 0.3135462701320648 11
1723221698098 0.3135462701320648 11
1723221698399 0.3135462701320648 11
1723221698656 0.3135462701320648 11
1723221698940 0.3135462701320648 11
1723221699177 0.3135462701320648 11
1723221699454 0.3135462701320648 11
1723221699732 0.3135462701320648 11
1723221699985 0.3135462701320648 11
1723221700283 0.3135462701320648 11
1723221700567 0.3135462701320648 11
1723222589366 0.38194039463996887 12
1723222589730 0.38194039463996887 12
1723222590037 0.38194039463996887 12
1723222590305 0.38194039463996887 12
1723222590585 0.38194039463996887 12
1723222590824 0.38194039463996887 12
1723222591141 0.38194039463996887 12
1723222591446 0.38194039463996887 12
1723222591697 0.38194039463996887 12
1723222592003 0.38194039463996887 12
1723222592305 0.38194039463996887 12
1723222592580 0.38194039463996887 12
1723222592837 0.38194039463996887 12
1723222593367 0.38194039463996887 12
1723222593588 0.38194039463996887 12
1723222593855 0.38194039463996887 12
1723222594113 0.38194039463996887 12
1723222594376 0.38194039463996887 12
1723222594596 0.38194039463996887 12
1723222594818 0.38194039463996887 12
1723222595088 0.38194039463996887 12
1723222595297 0.38194039463996887 12
1723222595560 0.38194039463996887 12
1723222595831 0.38194039463996887 12
1723222596056 0.38194039463996887 12
1723223487475 0.41145265102386475 13
1723223487853 0.41145265102386475 13
1723223488196 0.41145265102386475 13
1723223488468 0.41145265102386475 13
1723223488761 0.41145265102386475 13
1723223489025 0.41145265102386475 13
1723223489254 0.41145265102386475 13
1723223489519 0.41145265102386475 13
1723223489785 0.41145265102386475 13
1723223490022 0.41145265102386475 13
1723223490308 0.41145265102386475 13
1723223490596 0.41145265102386475 13
1723223490904 0.41145265102386475 13
1723223491210 0.41145265102386475 13
1723223491493 0.41145265102386475 13
1723223491750 0.41145265102386475 13
1723223492023 0.41145265102386475 13
1723223492283 0.41145265102386475 13
1723223492547 0.41145265102386475 13
1723223492777 0.41145265102386475 13
1723223493030 0.41145265102386475 13
1723223493286 0.41145265102386475 13
1723223493570 0.41145265102386475 13
1723223493808 0.41145265102386475 13
1723223494064 0.41145265102386475 13
1723224384849 0.4018624722957611 14
1723224385220 0.4018624722957611 14
1723224385483 0.4018624722957611 14
1723224385769 0.4018624722957611 14
1723224386030 0.4018624722957611 14
1723224386398 0.4018624722957611 14
1723224386680 0.4018624722957611 14
1723224386957 0.4018624722957611 14
1723224387284 0.4018624722957611 14
1723224387540 0.4018624722957611 14
1723224387870 0.4018624722957611 14
1723224388135 0.4018624722957611 14
1723224388362 0.4018624722957611 14
1723224388652 0.4018624722957611 14
1723224388926 0.4018624722957611 14
1723224389187 0.4018624722957611 14
1723224389430 0.4018624722957611 14
1723224389680 0.4018624722957611 14
1723224389926 0.4018624722957611 14
1723224390231 0.4018624722957611 14
1723224390509 0.4018624722957611 14
1723224390769 0.4018624722957611 14
1723224391018 0.4018624722957611 14
1723224391262 0.4018624722957611 14
1723224391541 0.4018624722957611 14
1723225282505 0.36526980996131897 15
1723225282912 0.36526980996131897 15
1723225283186 0.36526980996131897 15
1723225283516 0.36526980996131897 15
1723225283784 0.36526980996131897 15
1723225284063 0.36526980996131897 15
1723225284330 0.36526980996131897 15
1723225284623 0.36526980996131897 15
1723225284891 0.36526980996131897 15
1723225285175 0.36526980996131897 15
1723225285522 0.36526980996131897 15
1723225285801 0.36526980996131897 15
1723225286139 0.36526980996131897 15
1723225286426 0.36526980996131897 15
1723225286687 0.36526980996131897 15
1723225286950 0.36526980996131897 15
1723225287212 0.36526980996131897 15
1723225287539 0.36526980996131897 15
1723225287840 0.36526980996131897 15
1723225288113 0.36526980996131897 15
1723225288372 0.36526980996131897 15
1723225288649 0.36526980996131897 15
1723225288890 0.36526980996131897 15
1723225289147 0.36526980996131897 15
1723225289422 0.36526980996131897 15
1723226180287 0.4347628355026245 16
1723226180700 0.4347628355026245 16
1723226180997 0.4347628355026245 16
1723226181297 0.4347628355026245 16
1723226181569 0.4347628355026245 16
1723226181938 0.4347628355026245 16
1723226182218 0.4347628355026245 16
1723226182523 0.4347628355026245 16
1723226182789 0.4347628355026245 16
1723226183032 0.4347628355026245 16
1723226183298 0.4347628355026245 16
1723226183531 0.4347628355026245 16
1723226183841 0.4347628355026245 16
1723226184136 0.4347628355026245 16
1723226184456 0.4347628355026245 16
1723226184699 0.4347628355026245 16
1723226184946 0.4347628355026245 16
1723226185230 0.4347628355026245 16
1723226185450 0.4347628355026245 16
1723226185695 0.4347628355026245 16
1723226185937 0.4347628355026245 16
1723226186205 0.4347628355026245 16
1723226186486 0.4347628355026245 16
1723226186736 0.4347628355026245 16
1723226186967 0.4347628355026245 16
1723227078269 0.42819836735725403 17
1723227078677 0.42819836735725403 17
1723227078955 0.42819836735725403 17
1723227079222 0.42819836735725403 17
1723227079513 0.42819836735725403 17
1723227079819 0.42819836735725403 17
1723227080090 0.42819836735725403 17
1723227080383 0.42819836735725403 17
1723227080658 0.42819836735725403 17
1723227080941 0.42819836735725403 17
1723227081223 0.42819836735725403 17
1723227081457 0.42819836735725403 17
1723227081691 0.42819836735725403 17
1723227081960 0.42819836735725403 17
1723227082254 0.42819836735725403 17
1723227082539 0.42819836735725403 17
1723227082772 0.42819836735725403 17
1723227083038 0.42819836735725403 17
1723227083329 0.42819836735725403 17
1723227083545 0.42819836735725403 17
1723227083777 0.42819836735725403 17
1723227084029 0.42819836735725403 17
1723227084307 0.42819836735725403 17
1723227084545 0.42819836735725403 17
1723227084768 0.42819836735725403 17
1723227975647 0.487406462430954 18
1723227976042 0.487406462430954 18
1723227976331 0.487406462430954 18
1723227976589 0.487406462430954 18
1723227976874 0.487406462430954 18
1723227977179 0.487406462430954 18
1723227977439 0.487406462430954 18
1723227977778 0.487406462430954 18
1723227978048 0.487406462430954 18
1723227978331 0.487406462430954 18
1723227978589 0.487406462430954 18
1723227978862 0.487406462430954 18
1723227979138 0.487406462430954 18
1723227979436 0.487406462430954 18
1723227979681 0.487406462430954 18
1723227979971 0.487406462430954 18
1723227980220 0.487406462430954 18
1723227980499 0.487406462430954 18
1723227980783 0.487406462430954 18
1723227981019 0.487406462430954 18
1723227981289 0.487406462430954 18
1723227981563 0.487406462430954 18
1723227981842 0.487406462430954 18
1723227982143 0.487406462430954 18
1723227982398 0.487406462430954 18
1723228873278 0.4409337341785431 19
1723228873658 0.4409337341785431 19
1723228873987 0.4409337341785431 19
1723228874271 0.4409337341785431 19
1723228874549 0.4409337341785431 19
1723228874839 0.4409337341785431 19
1723228875146 0.4409337341785431 19
1723228875455 0.4409337341785431 19
1723228875785 0.4409337341785431 19
1723228876083 0.4409337341785431 19
1723228876390 0.4409337341785431 19
1723228876634 0.4409337341785431 19
1723228876881 0.4409337341785431 19
1723228877107 0.4409337341785431 19
1723228877408 0.4409337341785431 19
1723228877696 0.4409337341785431 19
1723228877922 0.4409337341785431 19
1723228878186 0.4409337341785431 19
1723228878449 0.4409337341785431 19
1723228878696 0.4409337341785431 19
1723228878917 0.4409337341785431 19
1723228879149 0.4409337341785431 19
1723228879401 0.4409337341785431 19
1723228879612 0.4409337341785431 19
1723228879895 0.4409337341785431 19
1723229770833 0.45636382699012756 20
1723229771212 0.45636382699012756 20
1723229771514 0.45636382699012756 20
1723229771808 0.45636382699012756 20
1723229772049 0.45636382699012756 20
1723229772301 0.45636382699012756 20
1723229772538 0.45636382699012756 20
1723229772771 0.45636382699012756 20
1723229773051 0.45636382699012756 20
1723229773338 0.45636382699012756 20
1723229773646 0.45636382699012756 20
1723229773937 0.45636382699012756 20
1723229774175 0.45636382699012756 20
1723229774421 0.45636382699012756 20
1723229774673 0.45636382699012756 20
1723229774919 0.45636382699012756 20
1723229775176 0.45636382699012756 20
1723229775428 0.45636382699012756 20
1723229775731 0.45636382699012756 20
1723229775969 0.45636382699012756 20
1723229776191 0.45636382699012756 20
1723229776446 0.45636382699012756 20
1723229776692 0.45636382699012756 20
1723229776934 0.45636382699012756 20
1723229777161 0.45636382699012756 20
1723230667908 0.434620201587677 21
1723230668270 0.434620201587677 21
1723230668584 0.434620201587677 21
1723230668964 0.434620201587677 21
1723230669315 0.434620201587677 21
1723230669699 0.434620201587677 21
1723230669983 0.434620201587677 21
1723230670274 0.434620201587677 21
1723230670584 0.434620201587677 21
1723230670830 0.434620201587677 21
1723230671136 0.434620201587677 21
1723230671454 0.434620201587677 21
1723230671717 0.434620201587677 21
1723230671979 0.434620201587677 21
1723230672282 0.434620201587677 21
1723230672524 0.434620201587677 21
1723230672811 0.434620201587677 21
1723230673044 0.434620201587677 21
1723230673250 0.434620201587677 21
1723230673509 0.434620201587677 21
1723230673782 0.434620201587677 21
1723230674019 0.434620201587677 21
1723230674233 0.434620201587677 21
1723230674482 0.434620201587677 21
1723230674698 0.434620201587677 21
1723231565675 0.368417352437973 22
1723231566007 0.368417352437973 22
1723231566328 0.368417352437973 22
1723231566602 0.368417352437973 22
1723231566894 0.368417352437973 22
1723231567186 0.368417352437973 22
1723231567476 0.368417352437973 22
1723231567792 0.368417352437973 22
1723231568058 0.368417352437973 22
1723231568326 0.368417352437973 22
1723231568572 0.368417352437973 22
1723231568848 0.368417352437973 22
1723231569115 0.368417352437973 22
1723231569345 0.368417352437973 22
1723231569619 0.368417352437973 22
1723231569859 0.368417352437973 22
1723231570077 0.368417352437973 22
1723231570325 0.368417352437973 22
1723231570586 0.368417352437973 22
1723231570799 0.368417352437973 22
1723231571067 0.368417352437973 22
1723231571325 0.368417352437973 22
1723231571545 0.368417352437973 22
1723231571799 0.368417352437973 22
1723231572035 0.368417352437973 22
1723232463229 0.40181785821914673 23
1723232463686 0.40181785821914673 23
1723232464003 0.40181785821914673 23
1723232464286 0.40181785821914673 23
1723232464601 0.40181785821914673 23
1723232464908 0.40181785821914673 23
1723232465182 0.40181785821914673 23
1723232465432 0.40181785821914673 23
1723232465710 0.40181785821914673 23
1723232466071 0.40181785821914673 23
1723232466327 0.40181785821914673 23
1723232466653 0.40181785821914673 23
1723232466918 0.40181785821914673 23
1723232467192 0.40181785821914673 23
1723232467480 0.40181785821914673 23
1723232467765 0.40181785821914673 23
1723232468037 0.40181785821914673 23
1723232468265 0.40181785821914673 23
1723232468539 0.40181785821914673 23
1723232468767 0.40181785821914673 23
1723232469046 0.40181785821914673 23
1723232469361 0.40181785821914673 23
1723232469612 0.40181785821914673 23
1723232469866 0.40181785821914673 23
1723232470127 0.40181785821914673 23
1723233360875 0.3776087164878845 24
1723233361232 0.3776087164878845 24
1723233361519 0.3776087164878845 24
1723233361812 0.3776087164878845 24
1723233362096 0.3776087164878845 24
1723233362441 0.3776087164878845 24
1723233362705 0.3776087164878845 24
1723233362955 0.3776087164878845 24
1723233363228 0.3776087164878845 24
1723233363524 0.3776087164878845 24
1723233363839 0.3776087164878845 24
1723233364108 0.3776087164878845 24
1723233364398 0.3776087164878845 24
1723233364665 0.3776087164878845 24
1723233364890 0.3776087164878845 24
1723233365107 0.3776087164878845 24
1723233365383 0.3776087164878845 24
1723233365707 0.3776087164878845 24
1723233365939 0.3776087164878845 24
1723233366172 0.3776087164878845 24
1723233366389 0.3776087164878845 24
1723233366605 0.3776087164878845 24
1723233366817 0.3776087164878845 24
1723233367063 0.3776087164878845 24
1723233367335 0.3776087164878845 24
1723234258466 0.4930085837841034 25
1723234258842 0.4930085837841034 25
1723234259155 0.4930085837841034 25
1723234259410 0.4930085837841034 25
1723234259681 0.4930085837841034 25
1723234259970 0.4930085837841034 25
1723234260274 0.4930085837841034 25
1723234260532 0.4930085837841034 25
1723234260850 0.4930085837841034 25
1723234261191 0.4930085837841034 25
1723234261549 0.4930085837841034 25
1723234261803 0.4930085837841034 25
1723234262108 0.4930085837841034 25
1723234262400 0.4930085837841034 25
1723234262689 0.4930085837841034 25
1723234262972 0.4930085837841034 25
1723234263296 0.4930085837841034 25
1723234263542 0.4930085837841034 25
1723234263839 0.4930085837841034 25
1723234264106 0.4930085837841034 25
1723234264374 0.4930085837841034 25
1723234264634 0.4930085837841034 25
1723234264999 0.4930085837841034 25
1723234265273 0.4930085837841034 25
1723234265555 0.4930085837841034 25
1723235156275 0.4542105197906494 26
1723235156647 0.4542105197906494 26
1723235156920 0.4542105197906494 26
1723235157193 0.4542105197906494 26
1723235157453 0.4542105197906494 26
1723235157738 0.4542105197906494 26
1723235158000 0.4542105197906494 26
1723235158251 0.4542105197906494 26
1723235158518 0.4542105197906494 26
1723235158820 0.4542105197906494 26
1723235159090 0.4542105197906494 26
1723235159371 0.4542105197906494 26
1723235159630 0.4542105197906494 26
1723235159911 0.4542105197906494 26
1723235160173 0.4542105197906494 26
1723235160465 0.4542105197906494 26
1723235160710 0.4542105197906494 26
1723235160940 0.4542105197906494 26
1723235161200 0.4542105197906494 26
1723235161454 0.4542105197906494 26
1723235161707 0.4542105197906494 26
1723235161977 0.4542105197906494 26
1723235162235 0.4542105197906494 26
1723235162450 0.4542105197906494 26
1723235162650 0.4542105197906494 26
1723236053646 0.43018633127212524 27
1723236054083 0.43018633127212524 27
1723236054344 0.43018633127212524 27
1723236054627 0.43018633127212524 27
1723236054919 0.43018633127212524 27
1723236055177 0.43018633127212524 27
1723236055441 0.43018633127212524 27
1723236055767 0.43018633127212524 27
1723236056026 0.43018633127212524 27
1723236056286 0.43018633127212524 27
1723236056550 0.43018633127212524 27
1723236056802 0.43018633127212524 27
1723236057069 0.43018633127212524 27
1723236057343 0.43018633127212524 27
1723236057567 0.43018633127212524 27
1723236057805 0.43018633127212524 27
1723236058043 0.43018633127212524 27
1723236058294 0.43018633127212524 27
1723236058545 0.43018633127212524 27
1723236058801 0.43018633127212524 27
1723236059012 0.43018633127212524 27
1723236059220 0.43018633127212524 27
1723236059478 0.43018633127212524 27
1723236059690 0.43018633127212524 27
1723236059941 0.43018633127212524 27
1723236950657 0.40486422181129456 28
1723236951009 0.40486422181129456 28
1723236951334 0.40486422181129456 28
1723236951588 0.40486422181129456 28
1723236951996 0.40486422181129456 28
1723236952254 0.40486422181129456 28
1723236952539 0.40486422181129456 28
1723236952832 0.40486422181129456 28
1723236953086 0.40486422181129456 28
1723236953399 0.40486422181129456 28
1723236953645 0.40486422181129456 28
1723236953916 0.40486422181129456 28
1723236954166 0.40486422181129456 28
1723236954421 0.40486422181129456 28
1723236954718 0.40486422181129456 28
1723236954952 0.40486422181129456 28
1723236955192 0.40486422181129456 28
1723236955419 0.40486422181129456 28
1723236955671 0.40486422181129456 28
1723236955914 0.40486422181129456 28
1723236956191 0.40486422181129456 28
1723236956454 0.40486422181129456 28
1723236956674 0.40486422181129456 28
1723236956926 0.40486422181129456 28
1723236957169 0.40486422181129456 28
1723237848189 0.5023980736732483 29
1723237848646 0.5023980736732483 29
1723237848940 0.5023980736732483 29
1723237849234 0.5023980736732483 29
1723237849574 0.5023980736732483 29
1723237849871 0.5023980736732483 29
1723237850130 0.5023980736732483 29
1723237850385 0.5023980736732483 29
1723237850683 0.5023980736732483 29
1723237850957 0.5023980736732483 29
1723237851193 0.5023980736732483 29
1723237851438 0.5023980736732483 29
1723237851662 0.5023980736732483 29
1723237851902 0.5023980736732483 29
1723237852144 0.5023980736732483 29
1723237852444 0.5023980736732483 29
1723237852692 0.5023980736732483 29
1723237852921 0.5023980736732483 29
1723237853161 0.5023980736732483 29
1723237853391 0.5023980736732483 29
1723237853649 0.5023980736732483 29
1723237853861 0.5023980736732483 29
1723237854070 0.5023980736732483 29
1723237854288 0.5023980736732483 29
1723237854505 0.5023980736732483 29
1723238745865 0.4744011461734772 30
1723238746199 0.4744011461734772 30
1723238746523 0.4744011461734772 30
1723238746802 0.4744011461734772 30
1723238747072 0.4744011461734772 30
1723238747405 0.4744011461734772 30
1723238747698 0.4744011461734772 30
1723238747981 0.4744011461734772 30
1723238748231 0.4744011461734772 30
1723238748490 0.4744011461734772 30
1723238748775 0.4744011461734772 30
1723238749079 0.4744011461734772 30
1723238749421 0.4744011461734772 30
1723238749688 0.4744011461734772 30
1723238749938 0.4744011461734772 30
1723238750201 0.4744011461734772 30
1723238750470 0.4744011461734772 30
1723238750716 0.4744011461734772 30
1723238750960 0.4744011461734772 30
1723238751237 0.4744011461734772 30
1723238751503 0.4744011461734772 30
1723238751752 0.4744011461734772 30
1723238752010 0.4744011461734772 30
1723238752295 0.4744011461734772 30
1723238752543 0.4744011461734772 30
1723239643659 0.4046599566936493 31
1723239644033 0.4046599566936493 31
1723239644332 0.4046599566936493 31
1723239644580 0.4046599566936493 31
1723239644856 0.4046599566936493 31
1723239645109 0.4046599566936493 31
1723239645352 0.4046599566936493 31
1723239645628 0.4046599566936493 31
1723239645919 0.4046599566936493 31
1723239646197 0.4046599566936493 31
1723239646458 0.4046599566936493 31
1723239646730 0.4046599566936493 31
1723239646969 0.4046599566936493 31
1723239647252 0.4046599566936493 31
1723239647518 0.4046599566936493 31
1723239647804 0.4046599566936493 31
1723239648074 0.4046599566936493 31
1723239648356 0.4046599566936493 31
1723239648656 0.4046599566936493 31
1723239648921 0.4046599566936493 31
1723239649206 0.4046599566936493 31
1723239649478 0.4046599566936493 31
1723239649815 0.4046599566936493 31
1723239650080 0.4046599566936493 31
1723239650361 0.4046599566936493 31
1723240541427 0.45731428265571594 32
1723240541766 0.45731428265571594 32
1723240542014 0.45731428265571594 32
1723240542298 0.45731428265571594 32
1723240542606 0.45731428265571594 32
1723240542861 0.45731428265571594 32
1723240543106 0.45731428265571594 32
1723240543391 0.45731428265571594 32
1723240543639 0.45731428265571594 32
1723240543952 0.45731428265571594 32
1723240544218 0.45731428265571594 32
1723240544477 0.45731428265571594 32
1723240544702 0.45731428265571594 32
1723240544952 0.45731428265571594 32
1723240545261 0.45731428265571594 32
1723240545496 0.45731428265571594 32
1723240545739 0.45731428265571594 32
1723240545977 0.45731428265571594 32
1723240546270 0.45731428265571594 32
1723240546545 0.45731428265571594 32
1723240546765 0.45731428265571594 32
1723240547028 0.45731428265571594 32
1723240547236 0.45731428265571594 32
1723240547453 0.45731428265571594 32
1723240547656 0.45731428265571594 32
1723241438347 0.46183377504348755 33
1723241438732 0.46183377504348755 33
1723241439031 0.46183377504348755 33
1723241439354 0.46183377504348755 33
1723241439632 0.46183377504348755 33
1723241439919 0.46183377504348755 33
1723241440210 0.46183377504348755 33
1723241440510 0.46183377504348755 33
1723241440789 0.46183377504348755 33
1723241441075 0.46183377504348755 33
1723241441424 0.46183377504348755 33
1723241441745 0.46183377504348755 33
1723241441970 0.46183377504348755 33
1723241442201 0.46183377504348755 33
1723241442441 0.46183377504348755 33
1723241442753 0.46183377504348755 33
1723241443024 0.46183377504348755 33
1723241443317 0.46183377504348755 33
1723241443632 0.46183377504348755 33
1723241443920 0.46183377504348755 33
1723241444183 0.46183377504348755 33
1723241444440 0.46183377504348755 33
1723241444685 0.46183377504348755 33
1723241444904 0.46183377504348755 33
1723241445111 0.46183377504348755 33
1723242335526 0.41802260279655457 34
1723242335926 0.41802260279655457 34
1723242336219 0.41802260279655457 34
1723242336474 0.41802260279655457 34
1723242336784 0.41802260279655457 34
1723242337132 0.41802260279655457 34
1723242337393 0.41802260279655457 34
1723242337657 0.41802260279655457 34
1723242337901 0.41802260279655457 34
1723242338211 0.41802260279655457 34
1723242338462 0.41802260279655457 34
1723242338809 0.41802260279655457 34
1723242339075 0.41802260279655457 34
1723242339298 0.41802260279655457 34
1723242339547 0.41802260279655457 34
1723242339808 0.41802260279655457 34
1723242340118 0.41802260279655457 34
1723242340369 0.41802260279655457 34
1723242340622 0.41802260279655457 34
1723242340904 0.41802260279655457 34
1723242341212 0.41802260279655457 34
1723242341454 0.41802260279655457 34
1723242341701 0.41802260279655457 34
1723242341989 0.41802260279655457 34
1723242342297 0.41802260279655457 34
1723243232797 0.41449475288391113 35
1723243233158 0.41449475288391113 35
1723243233522 0.41449475288391113 35
1723243233821 0.41449475288391113 35
1723243234141 0.41449475288391113 35
1723243234447 0.41449475288391113 35
1723243234746 0.41449475288391113 35
1723243235020 0.41449475288391113 35
1723243235306 0.41449475288391113 35
1723243235630 0.41449475288391113 35
1723243235898 0.41449475288391113 35
1723243236163 0.41449475288391113 35
1723243236475 0.41449475288391113 35
1723243236811 0.41449475288391113 35
1723243237089 0.41449475288391113 35
1723243237371 0.41449475288391113 35
1723243237644 0.41449475288391113 35
1723243237953 0.41449475288391113 35
1723243238227 0.41449475288391113 35
1723243238515 0.41449475288391113 35
1723243238820 0.41449475288391113 35
1723243239081 0.41449475288391113 35
1723243239354 0.41449475288391113 35
1723243239665 0.41449475288391113 35
1723243240004 0.41449475288391113 35
1723244131227 0.45987367630004883 36
1723244131635 0.45987367630004883 36
1723244131968 0.45987367630004883 36
1723244132272 0.45987367630004883 36
1723244132595 0.45987367630004883 36
1723244132838 0.45987367630004883 36
1723244133161 0.45987367630004883 36
1723244133465 0.45987367630004883 36
1723244133799 0.45987367630004883 36
1723244134090 0.45987367630004883 36
1723244134434 0.45987367630004883 36
1723244134684 0.45987367630004883 36
1723244134955 0.45987367630004883 36
1723244135238 0.45987367630004883 36
1723244135541 0.45987367630004883 36
1723244135876 0.45987367630004883 36
1723244136195 0.45987367630004883 36
1723244136466 0.45987367630004883 36
1723244136793 0.45987367630004883 36
1723244137069 0.45987367630004883 36
1723244137362 0.45987367630004883 36
1723244137701 0.45987367630004883 36
1723244137947 0.45987367630004883 36
1723244138213 0.45987367630004883 36
1723244138460 0.45987367630004883 36
1723245026916 0.47031694650650024 37
1723245027307 0.47031694650650024 37
1723245027567 0.47031694650650024 37
1723245027902 0.47031694650650024 37
1723245028251 0.47031694650650024 37
1723245028550 0.47031694650650024 37
1723245028837 0.47031694650650024 37
1723245029125 0.47031694650650024 37
1723245029439 0.47031694650650024 37
1723245029788 0.47031694650650024 37
1723245030073 0.47031694650650024 37
1723245030415 0.47031694650650024 37
1723245030695 0.47031694650650024 37
1723245031001 0.47031694650650024 37
1723245031319 0.47031694650650024 37
1723245031609 0.47031694650650024 37
1723245031913 0.47031694650650024 37
1723245032234 0.47031694650650024 37
1723245032510 0.47031694650650024 37
1723245032801 0.47031694650650024 37
1723245033106 0.47031694650650024 37
1723245033374 0.47031694650650024 37
1723245033686 0.47031694650650024 37
1723245033955 0.47031694650650024 37
1723245034238 0.47031694650650024 37
1723245925273 0.40915048122406006 38
1723245925652 0.40915048122406006 38
1723245925981 0.40915048122406006 38
1723245926266 0.40915048122406006 38
1723245926573 0.40915048122406006 38
1723245926853 0.40915048122406006 38
1723245927139 0.40915048122406006 38
1723245927440 0.40915048122406006 38
1723245927783 0.40915048122406006 38
1723245928059 0.40915048122406006 38
1723245928368 0.40915048122406006 38
1723245928644 0.40915048122406006 38
1723245928928 0.40915048122406006 38
1723245929215 0.40915048122406006 38
1723245929474 0.40915048122406006 38
1723245929748 0.40915048122406006 38
1723245930037 0.40915048122406006 38
1723245930337 0.40915048122406006 38
1723245930632 0.40915048122406006 38
1723245930941 0.40915048122406006 38
1723245931199 0.40915048122406006 38
1723245931508 0.40915048122406006 38
1723245931788 0.40915048122406006 38
1723245932067 0.40915048122406006 38
1723245932379 0.40915048122406006 38
1723246747947 0.40926745533943176 39
1723246748357 0.40926745533943176 39
1723246748687 0.40926745533943176 39
1723246748972 0.40926745533943176 39
1723246749250 0.40926745533943176 39
1723246749546 0.40926745533943176 39
1723246749863 0.40926745533943176 39
1723246750136 0.40926745533943176 39
1723246750445 0.40926745533943176 39
1723246750731 0.40926745533943176 39
1723246751034 0.40926745533943176 39
1723246751310 0.40926745533943176 39
1723246751597 0.40926745533943176 39
1723246751911 0.40926745533943176 39
1723246752191 0.40926745533943176 39
1723246752440 0.40926745533943176 39
1723246752677 0.40926745533943176 39
1723246752957 0.40926745533943176 39
1723246753214 0.40926745533943176 39
1723246753466 0.40926745533943176 39
1723246753730 0.40926745533943176 39
1723246753978 0.40926745533943176 39
1723246754206 0.40926745533943176 39
1723246754456 0.40926745533943176 39
1723246754693 0.40926745533943176 39
1723247603389 0.4775899350643158 40
1723247603813 0.4775899350643158 40
1723247604092 0.4775899350643158 40
1723247604370 0.4775899350643158 40
1723247604640 0.4775899350643158 40
1723247604968 0.4775899350643158 40
1723247605245 0.4775899350643158 40
1723247605529 0.4775899350643158 40
1723247605779 0.4775899350643158 40
1723247606037 0.4775899350643158 40
1723247606343 0.4775899350643158 40
1723247606590 0.4775899350643158 40
1723247606847 0.4775899350643158 40
1723247607120 0.4775899350643158 40
1723247607408 0.4775899350643158 40
1723247607681 0.4775899350643158 40
1723247607998 0.4775899350643158 40
1723247608243 0.4775899350643158 40
1723247608540 0.4775899350643158 40
1723247608841 0.4775899350643158 40
1723247609111 0.4775899350643158 40
1723247609389 0.4775899350643158 40
1723247609676 0.4775899350643158 40
1723247609913 0.4775899350643158 40
1723247610166 0.4775899350643158 40
1723248501089 0.4986360967159271 41
1723248501454 0.4986360967159271 41
1723248501731 0.4986360967159271 41
1723248502004 0.4986360967159271 41
1723248502319 0.4986360967159271 41
1723248502643 0.4986360967159271 41
1723248502911 0.4986360967159271 41
1723248503160 0.4986360967159271 41
1723248503437 0.4986360967159271 41
1723248503749 0.4986360967159271 41
1723248504016 0.4986360967159271 41
1723248504320 0.4986360967159271 41
1723248504654 0.4986360967159271 41
1723248504954 0.4986360967159271 41
1723248505242 0.4986360967159271 41
1723248505507 0.4986360967159271 41
1723248505777 0.4986360967159271 41
1723248506037 0.4986360967159271 41
1723248506315 0.4986360967159271 41
1723248506622 0.4986360967159271 41
1723248506907 0.4986360967159271 41
1723248507198 0.4986360967159271 41
1723248507494 0.4986360967159271 41
1723248507772 0.4986360967159271 41
1723248508064 0.4986360967159271 41
1723249385441 0.3964870572090149 42
1723249385874 0.3964870572090149 42
1723249386181 0.3964870572090149 42
1723249386464 0.3964870572090149 42
1723249386748 0.3964870572090149 42
1723249387011 0.3964870572090149 42
1723249387281 0.3964870572090149 42
1723249387545 0.3964870572090149 42
1723249387844 0.3964870572090149 42
1723249388101 0.3964870572090149 42
1723249388397 0.3964870572090149 42
1723249388646 0.3964870572090149 42
1723249388904 0.3964870572090149 42
1723249389159 0.3964870572090149 42
1723249389418 0.3964870572090149 42
1723249389712 0.3964870572090149 42
1723249389965 0.3964870572090149 42
1723249390229 0.3964870572090149 42
1723249390507 0.3964870572090149 42
1723249390741 0.3964870572090149 42
1723249390982 0.3964870572090149 42
1723249391241 0.3964870572090149 42
1723249391502 0.3964870572090149 42
1723249391777 0.3964870572090149 42
1723249392076 0.3964870572090149 42
1723250280832 0.4577880799770355 43
1723250281162 0.4577880799770355 43
1723250281435 0.4577880799770355 43
1723250281707 0.4577880799770355 43
1723250281986 0.4577880799770355 43
1723250282245 0.4577880799770355 43
1723250282495 0.4577880799770355 43
1723250282732 0.4577880799770355 43
1723250282988 0.4577880799770355 43
1723250283267 0.4577880799770355 43
1723250283526 0.4577880799770355 43
1723250283797 0.4577880799770355 43
1723250284089 0.4577880799770355 43
1723250284345 0.4577880799770355 43
1723250284604 0.4577880799770355 43
1723250284840 0.4577880799770355 43
1723250285111 0.4577880799770355 43
1723250285356 0.4577880799770355 43
1723250285626 0.4577880799770355 43
1723250285879 0.4577880799770355 43
1723250286144 0.4577880799770355 43
1723250286417 0.4577880799770355 43
1723250286671 0.4577880799770355 43
1723250286898 0.4577880799770355 43
1723250287140 0.4577880799770355 43
1723251006749 0.4386346936225891 44
1723251007113 0.4386346936225891 44
1723251007390 0.4386346936225891 44
1723251007700 0.4386346936225891 44
1723251007966 0.4386346936225891 44
1723251008223 0.4386346936225891 44
1723251008473 0.4386346936225891 44
1723251008734 0.4386346936225891 44
1723251008988 0.4386346936225891 44
1723251009240 0.4386346936225891 44
1723251009508 0.4386346936225891 44
1723251009767 0.4386346936225891 44
1723251010019 0.4386346936225891 44
1723251010267 0.4386346936225891 44
1723251010559 0.4386346936225891 44
1723251010854 0.4386346936225891 44
1723251011099 0.4386346936225891 44
1723251011370 0.4386346936225891 44
1723251011640 0.4386346936225891 44
1723251011896 0.4386346936225891 44
1723251012141 0.4386346936225891 44
1723251012412 0.4386346936225891 44
1723251012642 0.4386346936225891 44
1723251012882 0.4386346936225891 44
1723251013145 0.4386346936225891 44
1723251879975 0.4490121603012085 45
1723251880332 0.4490121603012085 45
1723251880641 0.4490121603012085 45
1723251880915 0.4490121603012085 45
1723251881206 0.4490121603012085 45
1723251881490 0.4490121603012085 45
1723251881727 0.4490121603012085 45
1723251881997 0.4490121603012085 45
1723251882227 0.4490121603012085 45
1723251882463 0.4490121603012085 45
1723251882745 0.4490121603012085 45
1723251883045 0.4490121603012085 45
1723251883311 0.4490121603012085 45
1723251883567 0.4490121603012085 45
1723251883798 0.4490121603012085 45
1723251884038 0.4490121603012085 45
1723251884295 0.4490121603012085 45
1723251884541 0.4490121603012085 45
1723251884837 0.4490121603012085 45
1723251885073 0.4490121603012085 45
1723251885345 0.4490121603012085 45
1723251885599 0.4490121603012085 45
1723251885817 0.4490121603012085 45
1723251886070 0.4490121603012085 45
1723251886293 0.4490121603012085 45
1723252747107 0.3989722430706024 46
1723252747479 0.3989722430706024 46
1723252747782 0.3989722430706024 46
1723252748057 0.3989722430706024 46
1723252748348 0.3989722430706024 46
1723252748621 0.3989722430706024 46
1723252748899 0.3989722430706024 46
1723252749163 0.3989722430706024 46
1723252749432 0.3989722430706024 46
1723252749703 0.3989722430706024 46
1723252749993 0.3989722430706024 46
1723252750252 0.3989722430706024 46
1723252750518 0.3989722430706024 46
1723252750785 0.3989722430706024 46
1723252751055 0.3989722430706024 46
1723252751299 0.3989722430706024 46
1723252751543 0.3989722430706024 46
1723252751775 0.3989722430706024 46
1723252752011 0.3989722430706024 46
1723252752250 0.3989722430706024 46
1723252752500 0.3989722430706024 46
1723252752751 0.3989722430706024 46
1723252752987 0.3989722430706024 46
1723252753241 0.3989722430706024 46
1723252753471 0.3989722430706024 46
1723253241250 0.4893398880958557 47
1723253241655 0.4893398880958557 47
1723253241943 0.4893398880958557 47
1723253242243 0.4893398880958557 47
1723253242532 0.4893398880958557 47
1723253242815 0.4893398880958557 47
1723253243119 0.4893398880958557 47
1723253243385 0.4893398880958557 47
1723253243694 0.4893398880958557 47
1723253243969 0.4893398880958557 47
1723253244259 0.4893398880958557 47
1723253244565 0.4893398880958557 47
1723253244849 0.4893398880958557 47
1723253245141 0.4893398880958557 47
1723253245412 0.4893398880958557 47
1723253245737 0.4893398880958557 47
1723253245975 0.4893398880958557 47
1723253246232 0.4893398880958557 47
1723253246492 0.4893398880958557 47
1723253246745 0.4893398880958557 47
1723253246975 0.4893398880958557 47
1723253247230 0.4893398880958557 47
1723253247535 0.4893398880958557 47
1723253247779 0.4893398880958557 47
1723253248047 0.4893398880958557 47
1723253848962 0.46804186701774597 48
1723253849396 0.46804186701774597 48
1723253849719 0.46804186701774597 48
1723253849984 0.46804186701774597 48
1723253850279 0.46804186701774597 48
1723253850580 0.46804186701774597 48
1723253850878 0.46804186701774597 48
1723253851249 0.46804186701774597 48
1723253851544 0.46804186701774597 48
1723253851965 0.46804186701774597 48
1723253852331 0.46804186701774597 48
1723253852669 0.46804186701774597 48
1723253853009 0.46804186701774597 48
1723253853335 0.46804186701774597 48
1723253853667 0.46804186701774597 48
1723253854007 0.46804186701774597 48
1723253854369 0.46804186701774597 48
1723253854681 0.46804186701774597 48
1723253855022 0.46804186701774597 48
1723253855327 0.46804186701774597 48
1723253855599 0.46804186701774597 48
1723253855921 0.46804186701774597 48
1723253856215 0.46804186701774597 48
1723253856512 0.46804186701774597 48
1723253856857 0.46804186701774597 48
1723254485295 0.46440359950065613 49
1723254485680 0.46440359950065613 49
1723254485938 0.46440359950065613 49
1723254486208 0.46440359950065613 49
1723254486486 0.46440359950065613 49
1723254486767 0.46440359950065613 49
1723254487041 0.46440359950065613 49
1723254487287 0.46440359950065613 49
1723254487573 0.46440359950065613 49
1723254487854 0.46440359950065613 49
1723254488111 0.46440359950065613 49
1723254488383 0.46440359950065613 49
1723254488634 0.46440359950065613 49
1723254488906 0.46440359950065613 49
1723254489168 0.46440359950065613 49
1723254489420 0.46440359950065613 49
1723254489699 0.46440359950065613 49
1723254489958 0.46440359950065613 49
1723254490234 0.46440359950065613 49
1723254490494 0.46440359950065613 49
1723254490738 0.46440359950065613 49
1723254490988 0.46440359950065613 49
1723254491241 0.46440359950065613 49
1723254491507 0.46440359950065613 49
1723254491752 0.46440359950065613 49
