1723213793115 10.12800121307373 0
1723213793538 10.12800121307373 0
1723213793866 10.12800121307373 0
1723213794166 10.12800121307373 0
1723213794432 10.12800121307373 0
1723213794715 10.12800121307373 0
1723213795031 10.12800121307373 0
1723213795312 10.12800121307373 0
1723213795632 10.12800121307373 0
1723213795919 10.12800121307373 0
1723213796225 10.12800121307373 0
1723213796515 10.12800121307373 0
1723213796759 10.12800121307373 0
1723213797034 10.12800121307373 0
1723213797290 10.12800121307373 0
1723213797546 10.12800121307373 0
1723213797868 10.12800121307373 0
1723213798139 10.12800121307373 0
1723213798445 10.12800121307373 0
1723213798701 10.12800121307373 0
1723213798948 10.12800121307373 0
1723213799204 10.12800121307373 0
1723213799442 10.12800121307373 0
1723213799710 10.12800121307373 0
1723213799966 10.12800121307373 0
1723214644942 7.0116472244262695 1
1723214645338 7.0116472244262695 1
1723214645649 7.0116472244262695 1
1723214645918 7.0116472244262695 1
1723214646181 7.0116472244262695 1
1723214646448 7.0116472244262695 1
1723214646749 7.0116472244262695 1
1723214647022 7.0116472244262695 1
1723214647305 7.0116472244262695 1
1723214647541 7.0116472244262695 1
1723214647805 7.0116472244262695 1
1723214648046 7.0116472244262695 1
1723214648298 7.0116472244262695 1
1723214648607 7.0116472244262695 1
1723214648885 7.0116472244262695 1
1723214649148 7.0116472244262695 1
1723214649397 7.0116472244262695 1
1723214649649 7.0116472244262695 1
1723214649931 7.0116472244262695 1
1723214650181 7.0116472244262695 1
1723214650441 7.0116472244262695 1
1723214650723 7.0116472244262695 1
1723214650975 7.0116472244262695 1
1723214651215 7.0116472244262695 1
1723214651457 7.0116472244262695 1
1723215400405 4.3033013343811035 2
1723215400812 4.3033013343811035 2
1723215401117 4.3033013343811035 2
1723215401367 4.3033013343811035 2
1723215401714 4.3033013343811035 2
1723215401966 4.3033013343811035 2
1723215402260 4.3033013343811035 2
1723215402531 4.3033013343811035 2
1723215402814 4.3033013343811035 2
1723215403076 4.3033013343811035 2
1723215403329 4.3033013343811035 2
1723215403578 4.3033013343811035 2
1723215403855 4.3033013343811035 2
1723215404120 4.3033013343811035 2
1723215404362 4.3033013343811035 2
1723215404637 4.3033013343811035 2
1723215404904 4.3033013343811035 2
1723215405152 4.3033013343811035 2
1723215405416 4.3033013343811035 2
1723215405699 4.3033013343811035 2
1723215405954 4.3033013343811035 2
1723215406209 4.3033013343811035 2
1723215406512 4.3033013343811035 2
1723215406731 4.3033013343811035 2
1723215406956 4.3033013343811035 2
1723215993613 6.559057235717773 3
1723215993994 6.559057235717773 3
1723215994293 6.559057235717773 3
1723215994568 6.559057235717773 3
1723215994844 6.559057235717773 3
1723215995126 6.559057235717773 3
1723215995393 6.559057235717773 3
1723215995711 6.559057235717773 3
1723215995974 6.559057235717773 3
1723215996246 6.559057235717773 3
1723215996525 6.559057235717773 3
1723215996729 6.559057235717773 3
1723215996943 6.559057235717773 3
1723215997196 6.559057235717773 3
1723215997426 6.559057235717773 3
1723215997685 6.559057235717773 3
1723215997923 6.559057235717773 3
1723215998128 6.559057235717773 3
1723215998438 6.559057235717773 3
1723215998688 6.559057235717773 3
1723215998915 6.559057235717773 3
1723215999165 6.559057235717773 3
1723215999438 6.559057235717773 3
1723215999649 6.559057235717773 3
1723215999824 6.559057235717773 3
1723216533588 6.174061298370361 4
1723216534035 6.174061298370361 4
1723216534278 6.174061298370361 4
1723216534520 6.174061298370361 4
1723216534776 6.174061298370361 4
1723216535030 6.174061298370361 4
1723216535288 6.174061298370361 4
1723216535556 6.174061298370361 4
1723216535800 6.174061298370361 4
1723216536135 6.174061298370361 4
1723216536408 6.174061298370361 4
1723216536702 6.174061298370361 4
1723216536940 6.174061298370361 4
1723216537194 6.174061298370361 4
1723216537454 6.174061298370361 4
1723216537700 6.174061298370361 4
1723216537944 6.174061298370361 4
1723216538174 6.174061298370361 4
1723216538421 6.174061298370361 4
1723216538646 6.174061298370361 4
1723216538895 6.174061298370361 4
1723216539131 6.174061298370361 4
1723216539378 6.174061298370361 4
1723216539596 6.174061298370361 4
1723216539801 6.174061298370361 4
1723217027059 4.717230796813965 5
1723217027434 4.717230796813965 5
1723217027718 4.717230796813965 5
1723217028017 4.717230796813965 5
1723217028341 4.717230796813965 5
1723217028677 4.717230796813965 5
1723217029049 4.717230796813965 5
1723217029384 4.717230796813965 5
1723217029680 4.717230796813965 5
1723217029947 4.717230796813965 5
1723217030185 4.717230796813965 5
1723217030420 4.717230796813965 5
1723217030650 4.717230796813965 5
1723217030928 4.717230796813965 5
1723217031167 4.717230796813965 5
1723217031409 4.717230796813965 5
1723217031700 4.717230796813965 5
1723217031942 4.717230796813965 5
1723217032168 4.717230796813965 5
1723217032411 4.717230796813965 5
1723217032671 4.717230796813965 5
1723217032937 4.717230796813965 5
1723217033190 4.717230796813965 5
1723217033407 4.717230796813965 5
1723217033617 4.717230796813965 5
1723217510052 1.9161815643310547 6
1723217510396 1.9161815643310547 6
1723217510673 1.9161815643310547 6
1723217510963 1.9161815643310547 6
1723217511244 1.9161815643310547 6
1723217511550 1.9161815643310547 6
1723217511858 1.9161815643310547 6
1723217512142 1.9161815643310547 6
1723217512413 1.9161815643310547 6
1723217512738 1.9161815643310547 6
1723217513027 1.9161815643310547 6
1723217513290 1.9161815643310547 6
1723217513657 1.9161815643310547 6
1723217513920 1.9161815643310547 6
1723217514225 1.9161815643310547 6
1723217514506 1.9161815643310547 6
1723217514793 1.9161815643310547 6
1723217515044 1.9161815643310547 6
1723217515315 1.9161815643310547 6
1723217515607 1.9161815643310547 6
1723217515857 1.9161815643310547 6
1723217516088 1.9161815643310547 6
1723217516328 1.9161815643310547 6
1723217516607 1.9161815643310547 6
1723217516831 1.9161815643310547 6
1723218382120 2.4550390243530273 7
1723218382508 2.4550390243530273 7
1723218382750 2.4550390243530273 7
1723218383004 2.4550390243530273 7
1723218383267 2.4550390243530273 7
1723218383578 2.4550390243530273 7
1723218383844 2.4550390243530273 7
1723218384090 2.4550390243530273 7
1723218384336 2.4550390243530273 7
1723218384674 2.4550390243530273 7
1723218384932 2.4550390243530273 7
1723218385223 2.4550390243530273 7
1723218385466 2.4550390243530273 7
1723218385699 2.4550390243530273 7
1723218385948 2.4550390243530273 7
1723218386174 2.4550390243530273 7
1723218386424 2.4550390243530273 7
1723218386664 2.4550390243530273 7
1723218386935 2.4550390243530273 7
1723218387152 2.4550390243530273 7
1723218387379 2.4550390243530273 7
1723218387657 2.4550390243530273 7
1723218387893 2.4550390243530273 7
1723218388148 2.4550390243530273 7
1723218388368 2.4550390243530273 7
1723219259628 4.091548919677734 8
1723219259976 4.091548919677734 8
1723219260221 4.091548919677734 8
1723219260505 4.091548919677734 8
1723219260767 4.091548919677734 8
1723219261043 4.091548919677734 8
1723219261320 4.091548919677734 8
1723219261587 4.091548919677734 8
1723219261844 4.091548919677734 8
1723219262114 4.091548919677734 8
1723219262388 4.091548919677734 8
1723219262666 4.091548919677734 8
1723219262894 4.091548919677734 8
1723219263167 4.091548919677734 8
1723219263393 4.091548919677734 8
1723219263648 4.091548919677734 8
1723219263913 4.091548919677734 8
1723219264135 4.091548919677734 8
1723219264402 4.091548919677734 8
1723219264635 4.091548919677734 8
1723219264917 4.091548919677734 8
1723219265190 4.091548919677734 8
1723219265455 4.091548919677734 8
1723219265660 4.091548919677734 8
1723219265875 4.091548919677734 8
1723219986146 3.2156715393066406 9
1723219986493 3.2156715393066406 9
1723219986802 3.2156715393066406 9
1723219987099 3.2156715393066406 9
1723219987383 3.2156715393066406 9
1723219987676 3.2156715393066406 9
1723219987977 3.2156715393066406 9
1723219988252 3.2156715393066406 9
1723219988489 3.2156715393066406 9
1723219988718 3.2156715393066406 9
1723219988983 3.2156715393066406 9
1723219989223 3.2156715393066406 9
1723219989460 3.2156715393066406 9
1723219989787 3.2156715393066406 9
1723219990073 3.2156715393066406 9
1723219990344 3.2156715393066406 9
1723219990605 3.2156715393066406 9
1723219990837 3.2156715393066406 9
1723219991043 3.2156715393066406 9
1723219991325 3.2156715393066406 9
1723219991534 3.2156715393066406 9
1723219991810 3.2156715393066406 9
1723219992062 3.2156715393066406 9
1723219992322 3.2156715393066406 9
1723219992572 3.2156715393066406 9
1723220795575 4.822424411773682 10
1723220795979 4.822424411773682 10
1723220796239 4.822424411773682 10
1723220796508 4.822424411773682 10
1723220796801 4.822424411773682 10
1723220797068 4.822424411773682 10
1723220797338 4.822424411773682 10
1723220797648 4.822424411773682 10
1723220797919 4.822424411773682 10
1723220798175 4.822424411773682 10
1723220798416 4.822424411773682 10
1723220798667 4.822424411773682 10
1723220798919 4.822424411773682 10
1723220799184 4.822424411773682 10
1723220799443 4.822424411773682 10
1723220799689 4.822424411773682 10
1723220799913 4.822424411773682 10
1723220800118 4.822424411773682 10
1723220800338 4.822424411773682 10
1723220800557 4.822424411773682 10
1723220800772 4.822424411773682 10
1723220801020 4.822424411773682 10
1723220801239 4.822424411773682 10
1723220801495 4.822424411773682 10
1723220801773 4.822424411773682 10
1723221693718 4.264701843261719 11
1723221694130 4.264701843261719 11
1723221694430 4.264701843261719 11
1723221694761 4.264701843261719 11
1723221695060 4.264701843261719 11
1723221695394 4.264701843261719 11
1723221695645 4.264701843261719 11
1723221695941 4.264701843261719 11
1723221696217 4.264701843261719 11
1723221696505 4.264701843261719 11
1723221696770 4.264701843261719 11
1723221697020 4.264701843261719 11
1723221697314 4.264701843261719 11
1723221697618 4.264701843261719 11
1723221697862 4.264701843261719 11
1723221698101 4.264701843261719 11
1723221698402 4.264701843261719 11
1723221698659 4.264701843261719 11
1723221698942 4.264701843261719 11
1723221699180 4.264701843261719 11
1723221699459 4.264701843261719 11
1723221699735 4.264701843261719 11
1723221699990 4.264701843261719 11
1723221700285 4.264701843261719 11
1723221700570 4.264701843261719 11
1723222589368 3.3291516304016113 12
1723222589733 3.3291516304016113 12
1723222590048 3.3291516304016113 12
1723222590310 3.3291516304016113 12
1723222590588 3.3291516304016113 12
1723222590827 3.3291516304016113 12
1723222591144 3.3291516304016113 12
1723222591449 3.3291516304016113 12
1723222591700 3.3291516304016113 12
1723222592007 3.3291516304016113 12
1723222592309 3.3291516304016113 12
1723222592587 3.3291516304016113 12
1723222592839 3.3291516304016113 12
1723222593370 3.3291516304016113 12
1723222593592 3.3291516304016113 12
1723222593866 3.3291516304016113 12
1723222594116 3.3291516304016113 12
1723222594380 3.3291516304016113 12
1723222594598 3.3291516304016113 12
1723222594825 3.3291516304016113 12
1723222595094 3.3291516304016113 12
1723222595305 3.3291516304016113 12
1723222595566 3.3291516304016113 12
1723222595833 3.3291516304016113 12
1723222596062 3.3291516304016113 12
1723223487486 4.205190658569336 13
1723223487856 4.205190658569336 13
1723223488200 4.205190658569336 13
1723223488478 4.205190658569336 13
1723223488764 4.205190658569336 13
1723223489028 4.205190658569336 13
1723223489257 4.205190658569336 13
1723223489525 4.205190658569336 13
1723223489787 4.205190658569336 13
1723223490029 4.205190658569336 13
1723223490315 4.205190658569336 13
1723223490599 4.205190658569336 13
1723223490906 4.205190658569336 13
1723223491212 4.205190658569336 13
1723223491496 4.205190658569336 13
1723223491756 4.205190658569336 13
1723223492027 4.205190658569336 13
1723223492286 4.205190658569336 13
1723223492549 4.205190658569336 13
1723223492780 4.205190658569336 13
1723223493032 4.205190658569336 13
1723223493289 4.205190658569336 13
1723223493575 4.205190658569336 13
1723223493811 4.205190658569336 13
1723223494067 4.205190658569336 13
1723224384857 4.021385669708252 14
1723224385222 4.021385669708252 14
1723224385487 4.021385669708252 14
1723224385772 4.021385669708252 14
1723224386033 4.021385669708252 14
1723224386400 4.021385669708252 14
1723224386684 4.021385669708252 14
1723224386966 4.021385669708252 14
1723224387292 4.021385669708252 14
1723224387543 4.021385669708252 14
1723224387872 4.021385669708252 14
1723224388137 4.021385669708252 14
1723224388364 4.021385669708252 14
1723224388655 4.021385669708252 14
1723224388929 4.021385669708252 14
1723224389190 4.021385669708252 14
1723224389436 4.021385669708252 14
1723224389682 4.021385669708252 14
1723224389932 4.021385669708252 14
1723224390233 4.021385669708252 14
1723224390511 4.021385669708252 14
1723224390771 4.021385669708252 14
1723224391020 4.021385669708252 14
1723224391264 4.021385669708252 14
1723224391547 4.021385669708252 14
1723225282508 3.985905170440674 15
1723225282915 3.985905170440674 15
1723225283191 3.985905170440674 15
1723225283519 3.985905170440674 15
1723225283786 3.985905170440674 15
1723225284067 3.985905170440674 15
1723225284332 3.985905170440674 15
1723225284629 3.985905170440674 15
1723225284894 3.985905170440674 15
1723225285180 3.985905170440674 15
1723225285524 3.985905170440674 15
1723225285807 3.985905170440674 15
1723225286143 3.985905170440674 15
1723225286429 3.985905170440674 15
1723225286690 3.985905170440674 15
1723225286954 3.985905170440674 15
1723225287215 3.985905170440674 15
1723225287541 3.985905170440674 15
1723225287842 3.985905170440674 15
1723225288116 3.985905170440674 15
1723225288375 3.985905170440674 15
1723225288651 3.985905170440674 15
1723225288893 3.985905170440674 15
1723225289149 3.985905170440674 15
1723225289428 3.985905170440674 15
1723226180290 4.4048919677734375 16
1723226180703 4.4048919677734375 16
1723226180999 4.4048919677734375 16
1723226181300 4.4048919677734375 16
1723226181576 4.4048919677734375 16
1723226181944 4.4048919677734375 16
1723226182220 4.4048919677734375 16
1723226182526 4.4048919677734375 16
1723226182792 4.4048919677734375 16
1723226183035 4.4048919677734375 16
1723226183306 4.4048919677734375 16
1723226183534 4.4048919677734375 16
1723226183848 4.4048919677734375 16
1723226184144 4.4048919677734375 16
1723226184464 4.4048919677734375 16
1723226184701 4.4048919677734375 16
1723226184948 4.4048919677734375 16
1723226185236 4.4048919677734375 16
1723226185453 4.4048919677734375 16
1723226185697 4.4048919677734375 16
1723226185940 4.4048919677734375 16
1723226186213 4.4048919677734375 16
1723226186490 4.4048919677734375 16
1723226186740 4.4048919677734375 16
1723226186970 4.4048919677734375 16
1723227078272 4.382354736328125 17
1723227078680 4.382354736328125 17
1723227078957 4.382354736328125 17
1723227079227 4.382354736328125 17
1723227079517 4.382354736328125 17
1723227079823 4.382354736328125 17
1723227080092 4.382354736328125 17
1723227080386 4.382354736328125 17
1723227080661 4.382354736328125 17
1723227080949 4.382354736328125 17
1723227081225 4.382354736328125 17
1723227081461 4.382354736328125 17
1723227081694 4.382354736328125 17
1723227081962 4.382354736328125 17
1723227082257 4.382354736328125 17
1723227082543 4.382354736328125 17
1723227082776 4.382354736328125 17
1723227083040 4.382354736328125 17
1723227083334 4.382354736328125 17
1723227083547 4.382354736328125 17
1723227083780 4.382354736328125 17
1723227084031 4.382354736328125 17
1723227084312 4.382354736328125 17
1723227084547 4.382354736328125 17
1723227084770 4.382354736328125 17
1723227975650 4.991502285003662 18
1723227976046 4.991502285003662 18
1723227976334 4.991502285003662 18
1723227976592 4.991502285003662 18
1723227976877 4.991502285003662 18
1723227977181 4.991502285003662 18
1723227977442 4.991502285003662 18
1723227977782 4.991502285003662 18
1723227978051 4.991502285003662 18
1723227978335 4.991502285003662 18
1723227978594 4.991502285003662 18
1723227978866 4.991502285003662 18
1723227979140 4.991502285003662 18
1723227979443 4.991502285003662 18
1723227979687 4.991502285003662 18
1723227979975 4.991502285003662 18
1723227980227 4.991502285003662 18
1723227980501 4.991502285003662 18
1723227980791 4.991502285003662 18
1723227981023 4.991502285003662 18
1723227981292 4.991502285003662 18
1723227981566 4.991502285003662 18
1723227981848 4.991502285003662 18
1723227982146 4.991502285003662 18
1723227982400 4.991502285003662 18
1723228873284 3.9733784198760986 19
1723228873661 3.9733784198760986 19
1723228873997 3.9733784198760986 19
1723228874273 3.9733784198760986 19
1723228874552 3.9733784198760986 19
1723228874842 3.9733784198760986 19
1723228875148 3.9733784198760986 19
1723228875458 3.9733784198760986 19
1723228875788 3.9733784198760986 19
1723228876085 3.9733784198760986 19
1723228876392 3.9733784198760986 19
1723228876636 3.9733784198760986 19
1723228876884 3.9733784198760986 19
1723228877116 3.9733784198760986 19
1723228877418 3.9733784198760986 19
1723228877702 3.9733784198760986 19
1723228877929 3.9733784198760986 19
1723228878196 3.9733784198760986 19
1723228878451 3.9733784198760986 19
1723228878699 3.9733784198760986 19
1723228878920 3.9733784198760986 19
1723228879153 3.9733784198760986 19
1723228879406 3.9733784198760986 19
1723228879614 3.9733784198760986 19
1723228879900 3.9733784198760986 19
1723229770836 4.146473407745361 20
1723229771218 4.146473407745361 20
1723229771516 4.146473407745361 20
1723229771811 4.146473407745361 20
1723229772051 4.146473407745361 20
1723229772306 4.146473407745361 20
1723229772540 4.146473407745361 20
1723229772777 4.146473407745361 20
1723229773054 4.146473407745361 20
1723229773343 4.146473407745361 20
1723229773649 4.146473407745361 20
1723229773939 4.146473407745361 20
1723229774177 4.146473407745361 20
1723229774424 4.146473407745361 20
1723229774675 4.146473407745361 20
1723229774921 4.146473407745361 20
1723229775179 4.146473407745361 20
1723229775435 4.146473407745361 20
1723229775733 4.146473407745361 20
1723229775972 4.146473407745361 20
1723229776193 4.146473407745361 20
1723229776452 4.146473407745361 20
1723229776698 4.146473407745361 20
1723229776940 4.146473407745361 20
1723229777163 4.146473407745361 20
1723230667914 3.632150173187256 21
1723230668273 3.632150173187256 21
1723230668590 3.632150173187256 21
1723230668968 3.632150173187256 21
1723230669318 3.632150173187256 21
1723230669702 3.632150173187256 21
1723230669994 3.632150173187256 21
1723230670278 3.632150173187256 21
1723230670587 3.632150173187256 21
1723230670834 3.632150173187256 21
1723230671145 3.632150173187256 21
1723230671457 3.632150173187256 21
1723230671719 3.632150173187256 21
1723230671987 3.632150173187256 21
1723230672284 3.632150173187256 21
1723230672527 3.632150173187256 21
1723230672814 3.632150173187256 21
1723230673047 3.632150173187256 21
1723230673253 3.632150173187256 21
1723230673512 3.632150173187256 21
1723230673784 3.632150173187256 21
1723230674022 3.632150173187256 21
1723230674241 3.632150173187256 21
1723230674484 3.632150173187256 21
1723230674701 3.632150173187256 21
1723231565678 3.630175828933716 22
1723231566009 3.630175828933716 22
1723231566330 3.630175828933716 22
1723231566605 3.630175828933716 22
1723231566904 3.630175828933716 22
1723231567190 3.630175828933716 22
1723231567481 3.630175828933716 22
1723231567797 3.630175828933716 22
1723231568061 3.630175828933716 22
1723231568328 3.630175828933716 22
1723231568575 3.630175828933716 22
1723231568852 3.630175828933716 22
1723231569117 3.630175828933716 22
1723231569352 3.630175828933716 22
1723231569625 3.630175828933716 22
1723231569862 3.630175828933716 22
1723231570081 3.630175828933716 22
1723231570328 3.630175828933716 22
1723231570589 3.630175828933716 22
1723231570806 3.630175828933716 22
1723231571069 3.630175828933716 22
1723231571328 3.630175828933716 22
1723231571547 3.630175828933716 22
1723231571811 3.630175828933716 22
1723231572037 3.630175828933716 22
1723232463244 3.7990381717681885 23
1723232463690 3.7990381717681885 23
1723232464005 3.7990381717681885 23
1723232464289 3.7990381717681885 23
1723232464604 3.7990381717681885 23
1723232464911 3.7990381717681885 23
1723232465185 3.7990381717681885 23
1723232465435 3.7990381717681885 23
1723232465712 3.7990381717681885 23
1723232466074 3.7990381717681885 23
1723232466335 3.7990381717681885 23
1723232466657 3.7990381717681885 23
1723232466920 3.7990381717681885 23
1723232467200 3.7990381717681885 23
1723232467484 3.7990381717681885 23
1723232467774 3.7990381717681885 23
1723232468040 3.7990381717681885 23
1723232468267 3.7990381717681885 23
1723232468542 3.7990381717681885 23
1723232468770 3.7990381717681885 23
1723232469057 3.7990381717681885 23
1723232469364 3.7990381717681885 23
1723232469616 3.7990381717681885 23
1723232469869 3.7990381717681885 23
1723232470134 3.7990381717681885 23
1723233360878 3.37001895904541 24
1723233361236 3.37001895904541 24
1723233361521 3.37001895904541 24
1723233361818 3.37001895904541 24
1723233362099 3.37001895904541 24
1723233362444 3.37001895904541 24
1723233362708 3.37001895904541 24
1723233362960 3.37001895904541 24
1723233363230 3.37001895904541 24
1723233363530 3.37001895904541 24
1723233363841 3.37001895904541 24
1723233364111 3.37001895904541 24
1723233364402 3.37001895904541 24
1723233364668 3.37001895904541 24
1723233364892 3.37001895904541 24
1723233365112 3.37001895904541 24
1723233365390 3.37001895904541 24
1723233365710 3.37001895904541 24
1723233365941 3.37001895904541 24
1723233366174 3.37001895904541 24
1723233366391 3.37001895904541 24
1723233366607 3.37001895904541 24
1723233366819 3.37001895904541 24
1723233367069 3.37001895904541 24
1723233367341 3.37001895904541 24
1723234258470 5.088174819946289 25
1723234258847 5.088174819946289 25
1723234259161 5.088174819946289 25
1723234259413 5.088174819946289 25
1723234259687 5.088174819946289 25
1723234259976 5.088174819946289 25
1723234260277 5.088174819946289 25
1723234260534 5.088174819946289 25
1723234260855 5.088174819946289 25
1723234261195 5.088174819946289 25
1723234261552 5.088174819946289 25
1723234261805 5.088174819946289 25
1723234262115 5.088174819946289 25
1723234262403 5.088174819946289 25
1723234262697 5.088174819946289 25
1723234262975 5.088174819946289 25
1723234263301 5.088174819946289 25
1723234263544 5.088174819946289 25
1723234263841 5.088174819946289 25
1723234264109 5.088174819946289 25
1723234264377 5.088174819946289 25
1723234264636 5.088174819946289 25
1723234265002 5.088174819946289 25
1723234265280 5.088174819946289 25
1723234265558 5.088174819946289 25
1723235156285 3.611532688140869 26
1723235156650 3.611532688140869 26
1723235156926 3.611532688140869 26
1723235157195 3.611532688140869 26
1723235157455 3.611532688140869 26
1723235157741 3.611532688140869 26
1723235158002 3.611532688140869 26
1723235158254 3.611532688140869 26
1723235158522 3.611532688140869 26
1723235158825 3.611532688140869 26
1723235159093 3.611532688140869 26
1723235159376 3.611532688140869 26
1723235159634 3.611532688140869 26
1723235159914 3.611532688140869 26
1723235160179 3.611532688140869 26
1723235160467 3.611532688140869 26
1723235160713 3.611532688140869 26
1723235160946 3.611532688140869 26
1723235161204 3.611532688140869 26
1723235161462 3.611532688140869 26
1723235161710 3.611532688140869 26
1723235161979 3.611532688140869 26
1723235162238 3.611532688140869 26
1723235162452 3.611532688140869 26
1723235162652 3.611532688140869 26
1723236053654 3.8066842555999756 27
1723236054086 3.8066842555999756 27
1723236054347 3.8066842555999756 27
1723236054629 3.8066842555999756 27
1723236054922 3.8066842555999756 27
1723236055180 3.8066842555999756 27
1723236055444 3.8066842555999756 27
1723236055770 3.8066842555999756 27
1723236056029 3.8066842555999756 27
1723236056291 3.8066842555999756 27
1723236056555 3.8066842555999756 27
1723236056805 3.8066842555999756 27
1723236057077 3.8066842555999756 27
1723236057346 3.8066842555999756 27
1723236057571 3.8066842555999756 27
1723236057808 3.8066842555999756 27
1723236058045 3.8066842555999756 27
1723236058296 3.8066842555999756 27
1723236058547 3.8066842555999756 27
1723236058805 3.8066842555999756 27
1723236059015 3.8066842555999756 27
1723236059224 3.8066842555999756 27
1723236059480 3.8066842555999756 27
1723236059694 3.8066842555999756 27
1723236059944 3.8066842555999756 27
1723236950664 3.5673208236694336 28
1723236951012 3.5673208236694336 28
1723236951337 3.5673208236694336 28
1723236951592 3.5673208236694336 28
1723236952001 3.5673208236694336 28
1723236952256 3.5673208236694336 28
1723236952542 3.5673208236694336 28
1723236952836 3.5673208236694336 28
1723236953089 3.5673208236694336 28
1723236953402 3.5673208236694336 28
1723236953649 3.5673208236694336 28
1723236953918 3.5673208236694336 28
1723236954169 3.5673208236694336 28
1723236954423 3.5673208236694336 28
1723236954721 3.5673208236694336 28
1723236954956 3.5673208236694336 28
1723236955195 3.5673208236694336 28
1723236955426 3.5673208236694336 28
1723236955676 3.5673208236694336 28
1723236955917 3.5673208236694336 28
1723236956194 3.5673208236694336 28
1723236956456 3.5673208236694336 28
1723236956676 3.5673208236694336 28
1723236956929 3.5673208236694336 28
1723236957171 3.5673208236694336 28
1723237848193 5.029658794403076 29
1723237848650 5.029658794403076 29
1723237848943 5.029658794403076 29
1723237849245 5.029658794403076 29
1723237849582 5.029658794403076 29
1723237849874 5.029658794403076 29
1723237850133 5.029658794403076 29
1723237850394 5.029658794403076 29
1723237850685 5.029658794403076 29
1723237850959 5.029658794403076 29
1723237851201 5.029658794403076 29
1723237851441 5.029658794403076 29
1723237851664 5.029658794403076 29
1723237851905 5.029658794403076 29
1723237852154 5.029658794403076 29
1723237852446 5.029658794403076 29
1723237852694 5.029658794403076 29
1723237852925 5.029658794403076 29
1723237853167 5.029658794403076 29
1723237853394 5.029658794403076 29
1723237853652 5.029658794403076 29
1723237853863 5.029658794403076 29
1723237854075 5.029658794403076 29
1723237854290 5.029658794403076 29
1723237854507 5.029658794403076 29
1723238745874 6.927677631378174 30
1723238746202 6.927677631378174 30
1723238746525 6.927677631378174 30
1723238746804 6.927677631378174 30
1723238747075 6.927677631378174 30
1723238747407 6.927677631378174 30
1723238747705 6.927677631378174 30
1723238747988 6.927677631378174 30
1723238748234 6.927677631378174 30
1723238748494 6.927677631378174 30
1723238748787 6.927677631378174 30
1723238749088 6.927677631378174 30
1723238749427 6.927677631378174 30
1723238749691 6.927677631378174 30
1723238749941 6.927677631378174 30
1723238750204 6.927677631378174 30
1723238750472 6.927677631378174 30
1723238750720 6.927677631378174 30
1723238750963 6.927677631378174 30
1723238751239 6.927677631378174 30
1723238751512 6.927677631378174 30
1723238751755 6.927677631378174 30
1723238752012 6.927677631378174 30
1723238752298 6.927677631378174 30
1723238752546 6.927677631378174 30
1723239643665 3.3216958045959473 31
1723239644040 3.3216958045959473 31
1723239644336 3.3216958045959473 31
1723239644582 3.3216958045959473 31
1723239644859 3.3216958045959473 31
1723239645112 3.3216958045959473 31
1723239645355 3.3216958045959473 31
1723239645637 3.3216958045959473 31
1723239645922 3.3216958045959473 31
1723239646202 3.3216958045959473 31
1723239646461 3.3216958045959473 31
1723239646732 3.3216958045959473 31
1723239646974 3.3216958045959473 31
1723239647255 3.3216958045959473 31
1723239647522 3.3216958045959473 31
1723239647809 3.3216958045959473 31
1723239648077 3.3216958045959473 31
1723239648361 3.3216958045959473 31
1723239648661 3.3216958045959473 31
1723239648925 3.3216958045959473 31
1723239649209 3.3216958045959473 31
1723239649491 3.3216958045959473 31
1723239649818 3.3216958045959473 31
1723239650088 3.3216958045959473 31
1723239650363 3.3216958045959473 31
1723240541429 3.1577346324920654 32
1723240541768 3.1577346324920654 32
1723240542020 3.1577346324920654 32
1723240542301 3.1577346324920654 32
1723240542609 3.1577346324920654 32
1723240542863 3.1577346324920654 32
1723240543113 3.1577346324920654 32
1723240543395 3.1577346324920654 32
1723240543642 3.1577346324920654 32
1723240543955 3.1577346324920654 32
1723240544220 3.1577346324920654 32
1723240544479 3.1577346324920654 32
1723240544707 3.1577346324920654 32
1723240544960 3.1577346324920654 32
1723240545271 3.1577346324920654 32
1723240545505 3.1577346324920654 32
1723240545741 3.1577346324920654 32
1723240545980 3.1577346324920654 32
1723240546273 3.1577346324920654 32
1723240546548 3.1577346324920654 32
1723240546767 3.1577346324920654 32
1723240547031 3.1577346324920654 32
1723240547242 3.1577346324920654 32
1723240547456 3.1577346324920654 32
1723240547659 3.1577346324920654 32
1723241438350 4.109968662261963 33
1723241438734 4.109968662261963 33
1723241439037 4.109968662261963 33
1723241439357 4.109968662261963 33
1723241439644 4.109968662261963 33
1723241439923 4.109968662261963 33
1723241440212 4.109968662261963 33
1723241440518 4.109968662261963 33
1723241440791 4.109968662261963 33
1723241441080 4.109968662261963 33
1723241441427 4.109968662261963 33
1723241441747 4.109968662261963 33
1723241441972 4.109968662261963 33
1723241442203 4.109968662261963 33
1723241442444 4.109968662261963 33
1723241442756 4.109968662261963 33
1723241443029 4.109968662261963 33
1723241443319 4.109968662261963 33
1723241443634 4.109968662261963 33
1723241443923 4.109968662261963 33
1723241444185 4.109968662261963 33
1723241444447 4.109968662261963 33
1723241444687 4.109968662261963 33
1723241444906 4.109968662261963 33
1723241445114 4.109968662261963 33
1723242335532 3.3286311626434326 34
1723242335930 3.3286311626434326 34
1723242336222 3.3286311626434326 34
1723242336478 3.3286311626434326 34
1723242336793 3.3286311626434326 34
1723242337136 3.3286311626434326 34
1723242337398 3.3286311626434326 34
1723242337659 3.3286311626434326 34
1723242337910 3.3286311626434326 34
1723242338214 3.3286311626434326 34
1723242338467 3.3286311626434326 34
1723242338814 3.3286311626434326 34
1723242339078 3.3286311626434326 34
1723242339301 3.3286311626434326 34
1723242339550 3.3286311626434326 34
1723242339811 3.3286311626434326 34
1723242340122 3.3286311626434326 34
1723242340374 3.3286311626434326 34
1723242340633 3.3286311626434326 34
1723242340907 3.3286311626434326 34
1723242341214 3.3286311626434326 34
1723242341457 3.3286311626434326 34
1723242341703 3.3286311626434326 34
1723242341993 3.3286311626434326 34
1723242342306 3.3286311626434326 34
1723243232800 3.0235536098480225 35
1723243233162 3.0235536098480225 35
1723243233525 3.0235536098480225 35
1723243233823 3.0235536098480225 35
1723243234144 3.0235536098480225 35
1723243234449 3.0235536098480225 35
1723243234750 3.0235536098480225 35
1723243235023 3.0235536098480225 35
1723243235311 3.0235536098480225 35
1723243235633 3.0235536098480225 35
1723243235901 3.0235536098480225 35
1723243236167 3.0235536098480225 35
1723243236486 3.0235536098480225 35
1723243236814 3.0235536098480225 35
1723243237094 3.0235536098480225 35
1723243237376 3.0235536098480225 35
1723243237648 3.0235536098480225 35
1723243237956 3.0235536098480225 35
1723243238230 3.0235536098480225 35
1723243238520 3.0235536098480225 35
1723243238823 3.0235536098480225 35
1723243239084 3.0235536098480225 35
1723243239356 3.0235536098480225 35
1723243239668 3.0235536098480225 35
1723243240010 3.0235536098480225 35
1723244131232 4.494454860687256 36
1723244131639 4.494454860687256 36
1723244131970 4.494454860687256 36
1723244132275 4.494454860687256 36
1723244132598 4.494454860687256 36
1723244132840 4.494454860687256 36
1723244133171 4.494454860687256 36
1723244133472 4.494454860687256 36
1723244133802 4.494454860687256 36
1723244134095 4.494454860687256 36
1723244134437 4.494454860687256 36
1723244134687 4.494454860687256 36
1723244134957 4.494454860687256 36
1723244135241 4.494454860687256 36
1723244135544 4.494454860687256 36
1723244135878 4.494454860687256 36
1723244136198 4.494454860687256 36
1723244136468 4.494454860687256 36
1723244136799 4.494454860687256 36
1723244137072 4.494454860687256 36
1723244137364 4.494454860687256 36
1723244137704 4.494454860687256 36
1723244137951 4.494454860687256 36
1723244138216 4.494454860687256 36
1723244138464 4.494454860687256 36
1723245026925 4.419839859008789 37
1723245027312 4.419839859008789 37
1723245027570 4.419839859008789 37
1723245027904 4.419839859008789 37
1723245028254 4.419839859008789 37
1723245028552 4.419839859008789 37
1723245028840 4.419839859008789 37
1723245029133 4.419839859008789 37
1723245029446 4.419839859008789 37
1723245029795 4.419839859008789 37
1723245030077 4.419839859008789 37
1723245030418 4.419839859008789 37
1723245030697 4.419839859008789 37
1723245031006 4.419839859008789 37
1723245031322 4.419839859008789 37
1723245031611 4.419839859008789 37
1723245031921 4.419839859008789 37
1723245032239 4.419839859008789 37
1723245032513 4.419839859008789 37
1723245032806 4.419839859008789 37
1723245033109 4.419839859008789 37
1723245033377 4.419839859008789 37
1723245033690 4.419839859008789 37
1723245033962 4.419839859008789 37
1723245034240 4.419839859008789 37
1723245925276 3.1747727394104004 38
1723245925658 3.1747727394104004 38
1723245925984 3.1747727394104004 38
1723245926270 3.1747727394104004 38
1723245926576 3.1747727394104004 38
1723245926855 3.1747727394104004 38
1723245927142 3.1747727394104004 38
1723245927443 3.1747727394104004 38
1723245927792 3.1747727394104004 38
1723245928065 3.1747727394104004 38
1723245928373 3.1747727394104004 38
1723245928647 3.1747727394104004 38
1723245928937 3.1747727394104004 38
1723245929220 3.1747727394104004 38
1723245929478 3.1747727394104004 38
1723245929751 3.1747727394104004 38
1723245930044 3.1747727394104004 38
1723245930349 3.1747727394104004 38
1723245930635 3.1747727394104004 38
1723245930943 3.1747727394104004 38
1723245931202 3.1747727394104004 38
1723245931510 3.1747727394104004 38
1723245931790 3.1747727394104004 38
1723245932077 3.1747727394104004 38
1723245932393 3.1747727394104004 38
1723246747950 3.7953226566314697 39
1723246748366 3.7953226566314697 39
1723246748690 3.7953226566314697 39
1723246748975 3.7953226566314697 39
1723246749253 3.7953226566314697 39
1723246749549 3.7953226566314697 39
1723246749866 3.7953226566314697 39
1723246750138 3.7953226566314697 39
1723246750447 3.7953226566314697 39
1723246750734 3.7953226566314697 39
1723246751038 3.7953226566314697 39
1723246751315 3.7953226566314697 39
1723246751603 3.7953226566314697 39
1723246751917 3.7953226566314697 39
1723246752194 3.7953226566314697 39
1723246752443 3.7953226566314697 39
1723246752680 3.7953226566314697 39
1723246752962 3.7953226566314697 39
1723246753217 3.7953226566314697 39
1723246753469 3.7953226566314697 39
1723246753733 3.7953226566314697 39
1723246753980 3.7953226566314697 39
1723246754209 3.7953226566314697 39
1723246754458 3.7953226566314697 39
1723246754695 3.7953226566314697 39
1723247603402 4.068686485290527 40
1723247603816 4.068686485290527 40
1723247604097 4.068686485290527 40
1723247604372 4.068686485290527 40
1723247604644 4.068686485290527 40
1723247604971 4.068686485290527 40
1723247605247 4.068686485290527 40
1723247605535 4.068686485290527 40
1723247605781 4.068686485290527 40
1723247606040 4.068686485290527 40
1723247606346 4.068686485290527 40
1723247606593 4.068686485290527 40
1723247606850 4.068686485290527 40
1723247607122 4.068686485290527 40
1723247607414 4.068686485290527 40
1723247607684 4.068686485290527 40
1723247608001 4.068686485290527 40
1723247608245 4.068686485290527 40
1723247608543 4.068686485290527 40
1723247608844 4.068686485290527 40
1723247609120 4.068686485290527 40
1723247609391 4.068686485290527 40
1723247609679 4.068686485290527 40
1723247609916 4.068686485290527 40
1723247610173 4.068686485290527 40
1723248501092 3.8454182147979736 41
1723248501457 3.8454182147979736 41
1723248501733 3.8454182147979736 41
1723248502010 3.8454182147979736 41
1723248502322 3.8454182147979736 41
1723248502646 3.8454182147979736 41
1723248502914 3.8454182147979736 41
1723248503163 3.8454182147979736 41
1723248503440 3.8454182147979736 41
1723248503753 3.8454182147979736 41
1723248504021 3.8454182147979736 41
1723248504331 3.8454182147979736 41
1723248504659 3.8454182147979736 41
1723248504956 3.8454182147979736 41
1723248505247 3.8454182147979736 41
1723248505510 3.8454182147979736 41
1723248505780 3.8454182147979736 41
1723248506039 3.8454182147979736 41
1723248506321 3.8454182147979736 41
1723248506625 3.8454182147979736 41
1723248506915 3.8454182147979736 41
1723248507208 3.8454182147979736 41
1723248507496 3.8454182147979736 41
1723248507779 3.8454182147979736 41
1723248508066 3.8454182147979736 41
1723249385448 3.5047836303710938 42
1723249385877 3.5047836303710938 42
1723249386184 3.5047836303710938 42
1723249386467 3.5047836303710938 42
1723249386751 3.5047836303710938 42
1723249387014 3.5047836303710938 42
1723249387285 3.5047836303710938 42
1723249387548 3.5047836303710938 42
1723249387847 3.5047836303710938 42
1723249388104 3.5047836303710938 42
1723249388408 3.5047836303710938 42
1723249388648 3.5047836303710938 42
1723249388906 3.5047836303710938 42
1723249389162 3.5047836303710938 42
1723249389424 3.5047836303710938 42
1723249389715 3.5047836303710938 42
1723249389969 3.5047836303710938 42
1723249390233 3.5047836303710938 42
1723249390510 3.5047836303710938 42
1723249390744 3.5047836303710938 42
1723249390984 3.5047836303710938 42
1723249391244 3.5047836303710938 42
1723249391506 3.5047836303710938 42
1723249391781 3.5047836303710938 42
1723249392079 3.5047836303710938 42
1723250280835 3.997587203979492 43
1723250281165 3.997587203979492 43
1723250281438 3.997587203979492 43
1723250281709 3.997587203979492 43
1723250281988 3.997587203979492 43
1723250282256 3.997587203979492 43
1723250282498 3.997587203979492 43
1723250282735 3.997587203979492 43
1723250282991 3.997587203979492 43
1723250283270 3.997587203979492 43
1723250283537 3.997587203979492 43
1723250283804 3.997587203979492 43
1723250284091 3.997587203979492 43
1723250284347 3.997587203979492 43
1723250284607 3.997587203979492 43
1723250284843 3.997587203979492 43
1723250285114 3.997587203979492 43
1723250285359 3.997587203979492 43
1723250285629 3.997587203979492 43
1723250285882 3.997587203979492 43
1723250286147 3.997587203979492 43
1723250286420 3.997587203979492 43
1723250286674 3.997587203979492 43
1723250286904 3.997587203979492 43
1723250287143 3.997587203979492 43
1723251006752 3.3685052394866943 44
1723251007115 3.3685052394866943 44
1723251007392 3.3685052394866943 44
1723251007702 3.3685052394866943 44
1723251007968 3.3685052394866943 44
1723251008226 3.3685052394866943 44
1723251008477 3.3685052394866943 44
1723251008737 3.3685052394866943 44
1723251008991 3.3685052394866943 44
1723251009243 3.3685052394866943 44
1723251009510 3.3685052394866943 44
1723251009770 3.3685052394866943 44
1723251010022 3.3685052394866943 44
1723251010269 3.3685052394866943 44
1723251010562 3.3685052394866943 44
1723251010857 3.3685052394866943 44
1723251011102 3.3685052394866943 44
1723251011379 3.3685052394866943 44
1723251011643 3.3685052394866943 44
1723251011900 3.3685052394866943 44
1723251012143 3.3685052394866943 44
1723251012414 3.3685052394866943 44
1723251012645 3.3685052394866943 44
1723251012884 3.3685052394866943 44
1723251013150 3.3685052394866943 44
1723251879984 3.6297032833099365 45
1723251880335 3.6297032833099365 45
1723251880643 3.6297032833099365 45
1723251880923 3.6297032833099365 45
1723251881208 3.6297032833099365 45
1723251881492 3.6297032833099365 45
1723251881729 3.6297032833099365 45
1723251882003 3.6297032833099365 45
1723251882230 3.6297032833099365 45
1723251882466 3.6297032833099365 45
1723251882747 3.6297032833099365 45
1723251883048 3.6297032833099365 45
1723251883314 3.6297032833099365 45
1723251883570 3.6297032833099365 45
1723251883801 3.6297032833099365 45
1723251884041 3.6297032833099365 45
1723251884298 3.6297032833099365 45
1723251884548 3.6297032833099365 45
1723251884840 3.6297032833099365 45
1723251885076 3.6297032833099365 45
1723251885348 3.6297032833099365 45
1723251885602 3.6297032833099365 45
1723251885820 3.6297032833099365 45
1723251886075 3.6297032833099365 45
1723251886296 3.6297032833099365 45
1723252747110 2.9769532680511475 46
1723252747485 2.9769532680511475 46
1723252747792 2.9769532680511475 46
1723252748060 2.9769532680511475 46
1723252748351 2.9769532680511475 46
1723252748623 2.9769532680511475 46
1723252748901 2.9769532680511475 46
1723252749166 2.9769532680511475 46
1723252749436 2.9769532680511475 46
1723252749706 2.9769532680511475 46
1723252749998 2.9769532680511475 46
1723252750261 2.9769532680511475 46
1723252750521 2.9769532680511475 46
1723252750787 2.9769532680511475 46
1723252751060 2.9769532680511475 46
1723252751302 2.9769532680511475 46
1723252751546 2.9769532680511475 46
1723252751778 2.9769532680511475 46
1723252752014 2.9769532680511475 46
1723252752257 2.9769532680511475 46
1723252752509 2.9769532680511475 46
1723252752754 2.9769532680511475 46
1723252752989 2.9769532680511475 46
1723252753247 2.9769532680511475 46
1723252753476 2.9769532680511475 46
1723253241253 4.227692604064941 47
1723253241660 4.227692604064941 47
1723253241952 4.227692604064941 47
1723253242249 4.227692604064941 47
1723253242534 4.227692604064941 47
1723253242819 4.227692604064941 47
1723253243121 4.227692604064941 47
1723253243389 4.227692604064941 47
1723253243696 4.227692604064941 47
1723253243972 4.227692604064941 47
1723253244262 4.227692604064941 47
1723253244567 4.227692604064941 47
1723253244852 4.227692604064941 47
1723253245144 4.227692604064941 47
1723253245422 4.227692604064941 47
1723253245740 4.227692604064941 47
1723253245978 4.227692604064941 47
1723253246236 4.227692604064941 47
1723253246495 4.227692604064941 47
1723253246748 4.227692604064941 47
1723253246977 4.227692604064941 47
1723253247234 4.227692604064941 47
1723253247538 4.227692604064941 47
1723253247782 4.227692604064941 47
1723253248050 4.227692604064941 47
1723253848970 3.293736696243286 48
1723253849400 3.293736696243286 48
1723253849725 3.293736696243286 48
1723253849987 3.293736696243286 48
1723253850286 3.293736696243286 48
1723253850583 3.293736696243286 48
1723253850891 3.293736696243286 48
1723253851252 3.293736696243286 48
1723253851547 3.293736696243286 48
1723253851971 3.293736696243286 48
1723253852334 3.293736696243286 48
1723253852672 3.293736696243286 48
1723253853014 3.293736696243286 48
1723253853338 3.293736696243286 48
1723253853669 3.293736696243286 48
1723253854009 3.293736696243286 48
1723253854371 3.293736696243286 48
1723253854683 3.293736696243286 48
1723253855026 3.293736696243286 48
1723253855331 3.293736696243286 48
1723253855601 3.293736696243286 48
1723253855926 3.293736696243286 48
1723253856218 3.293736696243286 48
1723253856514 3.293736696243286 48
1723253856861 3.293736696243286 48
1723254485300 2.9613635540008545 49
1723254485683 2.9613635540008545 49
1723254485943 2.9613635540008545 49
1723254486211 2.9613635540008545 49
1723254486489 2.9613635540008545 49
1723254486770 2.9613635540008545 49
1723254487046 2.9613635540008545 49
1723254487290 2.9613635540008545 49
1723254487576 2.9613635540008545 49
1723254487856 2.9613635540008545 49
1723254488116 2.9613635540008545 49
1723254488387 2.9613635540008545 49
1723254488637 2.9613635540008545 49
1723254488908 2.9613635540008545 49
1723254489173 2.9613635540008545 49
1723254489423 2.9613635540008545 49
1723254489702 2.9613635540008545 49
1723254489964 2.9613635540008545 49
1723254490237 2.9613635540008545 49
1723254490496 2.9613635540008545 49
1723254490740 2.9613635540008545 49
1723254490991 2.9613635540008545 49
1723254491244 2.9613635540008545 49
1723254491510 2.9613635540008545 49
1723254491755 2.9613635540008545 49
